     0     0     2088.00     1809.00        0.50
     0     0     2078.00     1807.00        0.50
     0     0     2074.00     1803.00        0.50
     0     0     2068.00     1801.00        0.50
     0     0     2062.00     1799.00        0.50
     0     0     2056.00     1797.00        0.50
     0     0     2050.00     1793.00        0.50
     0     0     2044.00     1791.00        0.50
     0     0     2040.00     1787.00        0.50
     0     0     2034.00     1785.00        0.50
     0     0     2030.00     1781.00        0.50
     0     0     2026.00     1777.00        0.50
     0     0     2022.00     1773.00        0.50
     0     0     2018.00     1769.00        0.50
     0     0     2014.00     1763.00        0.50
     0     0     2010.00     1757.00        0.50
     0     0     2008.00     1751.00        0.50
     0     0     2006.00     1745.00        0.50
     0     0     2004.00     1739.00        0.50
     0     0     2002.00     1733.00        0.50
     0     0     2000.00     1727.00        0.50
     0     0     1998.00     1721.00        0.50
     0     0     1998.00     1715.00        0.50
     0     0     1996.00     1709.00        0.50
     0     0     1994.00     1703.00        0.50
     0     0     1994.00     1697.00        0.50
     0     0     1992.00     1687.00        0.50
     0     0     1990.00     1677.00        0.50
     0     0     1990.00     1669.00        0.50
     0     0     1990.00     1663.00        0.50
     0     0     1990.00     1657.00        0.50
     0     0     1990.00     1651.00        0.50
     0     0     1990.00     1645.00        0.50
     0     0     1990.00     1639.00        0.50
     0     0     1990.00     1633.00        0.50
     0     0     1990.00     1627.00        0.50
     0     0     1992.00     1621.00        0.50
     0     0     1994.00     1615.00        0.50
     0     0     1996.00     1609.00        0.50
     0     0     2000.00     1605.00        0.50
     0     0     2002.00     1599.00        0.50
     0     0     2006.00     1595.00        0.50
     0     0     2008.00     1589.00        0.50
     0     0     2012.00     1585.00        0.50
     0     0     2016.00     1579.00        0.50
     0     0     2020.00     1575.00        0.50
     0     0     2024.00     1571.00        0.50
     0     0     2026.00     1565.00        0.50
     0     0     2032.00     1561.00        0.50
     0     0     2038.00     1557.00        0.50
     0     0     2042.00     1553.00        0.50
     0     0     2048.00     1551.00        0.50
     0     0     2052.00     1547.00        0.50
     0     0     2058.00     1545.00        0.50
     0     0     2064.00     1541.00        0.50
     0     0     2070.00     1539.00        0.50
     0     0     2076.00     1537.00        0.50
     0     0     2084.00     1533.00        0.50
     0     0     2092.00     1531.00        0.50
     0     0     2100.00     1529.00        0.50
     0     0     2110.00     1525.00        0.50
     0     0     2118.00     1525.00        0.50
     0     0     2124.00     1523.00        0.50
     0     0     2130.00     1523.00        0.50
     0     0     2136.00     1523.00        0.50
     0     0     2142.00     1523.00        0.50
     0     0     2148.00     1525.00        0.50
     0     0     2152.00     1529.00        0.50
     0     0     2158.00     1529.00        0.50
     0     0     2162.00     1533.00        0.50
     0     0     2168.00     1535.00        0.50
     0     0     2172.00     1539.00        0.50
     0     0     2178.00     1543.00        0.50
     0     0     2182.00     1547.00        0.50
     0     0     2188.00     1551.00        0.50
     0     0     2192.00     1555.00        0.50
     0     0     2196.00     1559.00        0.50
     0     0     2202.00     1565.00        0.50
     0     0     2206.00     1573.00        0.50
     0     0     2212.00     1579.00        0.50
     0     0     2216.00     1585.00        0.50
     0     0     2222.00     1591.00        0.50
     0     0     2226.00     1597.00        0.50
     0     0     2232.00     1605.00        0.50
     0     0     2236.00     1611.00        0.50
     0     0     2242.00     1619.00        0.50
     0     0     2244.00     1625.00        0.50
     0     0     2248.00     1631.00        0.50
     0     0     2250.00     1637.00        0.50
     0     0     2254.00     1647.00        0.50
     0     0     2254.00     1653.00        0.50
     0     0     2256.00     1659.00        0.50
     0     0     2256.00     1665.00        0.50
     0     0     2258.00     1673.00        0.50
     0     0     2258.00     1681.00        0.50
     0     0     2258.00     1689.00        0.50
     0     0     2258.00     1695.00        0.50
     0     0     2256.00     1703.00        0.50
     0     0     2254.00     1711.00        0.50
     0     0     2254.00     1717.00        0.50
     0     0     2252.00     1723.00        0.50
     0     0     2250.00     1733.00        0.50
     0     0     2248.00     1739.00        0.50
     0     0     2246.00     1747.00        0.50
     0     0     2244.00     1755.00        0.50
     0     0     2242.00     1761.00        0.50
     0     0     2240.00     1767.00        0.50
     0     0     2236.00     1773.00        0.50
     0     0     2232.00     1777.00        0.50
     0     0     2228.00     1783.00        0.50
     0     0     2222.00     1787.00        0.50
     0     0     2216.00     1791.00        0.50
     0     0     2210.00     1793.00        0.50
     0     0     2204.00     1795.00        0.50
     0     0     2196.00     1799.00        0.50
     0     0     2190.00     1803.00        0.50
     0     0     2182.00     1805.00        0.50
     0     0     2176.00     1807.00        0.50
     0     0     2168.00     1811.00        0.50
     0     0     2162.00     1813.00        0.50
     0     0     2156.00     1813.00        0.50
     0     0     2150.00     1815.00        0.50
     0     0     2144.00     1815.00        0.50
     0     0     2138.00     1817.00        0.50
     0     0     2132.00     1817.00        0.50
     0     0     2124.00     1817.00        0.50
     0     0     2118.00     1817.00        0.50
     0     0     2112.00     1817.00        0.50
     1     0     2098.00     1771.00        0.50
     1     0     2088.00     1767.00        0.50
     1     0     2084.00     1763.00        0.50
     1     0     2080.00     1759.00        0.50
     1     0     2074.00     1757.00        0.50
     1     0     2070.00     1753.00        0.50
     1     0     2066.00     1749.00        0.50
     1     0     2062.00     1745.00        0.50
     1     0     2056.00     1741.00        0.50
     1     0     2052.00     1737.00        0.50
     1     0     2048.00     1733.00        0.50
     1     0     2044.00     1727.00        0.50
     1     0     2040.00     1721.00        0.50
     1     0     2036.00     1715.00        0.50
     1     0     2034.00     1709.00        0.50
     1     0     2030.00     1705.00        0.50
     1     0     2028.00     1699.00        0.50
     1     0     2026.00     1693.00        0.50
     1     0     2026.00     1687.00        0.50
     1     0     2024.00     1681.00        0.50
     1     0     2024.00     1675.00        0.50
     1     0     2024.00     1669.00        0.50
     1     0     2024.00     1663.00        0.50
     1     0     2024.00     1657.00        0.50
     1     0     2024.00     1651.00        0.50
     1     0     2026.00     1645.00        0.50
     1     0     2028.00     1639.00        0.50
     1     0     2030.00     1633.00        0.50
     1     0     2034.00     1629.00        0.50
     1     0     2036.00     1623.00        0.50
     1     0     2040.00     1619.00        0.50
     1     0     2042.00     1613.00        0.50
     1     0     2046.00     1609.00        0.50
     1     0     2050.00     1605.00        0.50
     1     0     2054.00     1601.00        0.50
     1     0     2058.00     1597.00        0.50
     1     0     2064.00     1595.00        0.50
     1     0     2068.00     1591.00        0.50
     1     0     2074.00     1589.00        0.50
     1     0     2080.00     1585.00        0.50
     1     0     2086.00     1583.00        0.50
     1     0     2092.00     1581.00        0.50
     1     0     2098.00     1577.00        0.50
     1     0     2104.00     1575.00        0.50
     1     0     2110.00     1573.00        0.50
     1     0     2116.00     1571.00        0.50
     1     0     2122.00     1569.00        0.50
     1     0     2128.00     1569.00        0.50
     1     0     2134.00     1567.00        0.50
     1     0     2140.00     1567.00        0.50
     1     0     2146.00     1567.00        0.50
     1     0     2152.00     1571.00        0.50
     1     0     2158.00     1575.00        0.50
     1     0     2162.00     1579.00        0.50
     1     0     2166.00     1583.00        0.50
     1     0     2170.00     1587.00        0.50
     1     0     2174.00     1591.00        0.50
     1     0     2178.00     1597.00        0.50
     1     0     2180.00     1603.00        0.50
     1     0     2184.00     1607.00        0.50
     1     0     2186.00     1613.00        0.50
     1     0     2190.00     1619.00        0.50
     1     0     2192.00     1625.00        0.50
     1     0     2196.00     1629.00        0.50
     1     0     2200.00     1635.00        0.50
     1     0     2204.00     1641.00        0.50
     1     0     2208.00     1645.00        0.50
     1     0     2210.00     1651.00        0.50
     1     0     2214.00     1657.00        0.50
     1     0     2216.00     1663.00        0.50
     1     0     2218.00     1669.00        0.50
     1     0     2218.00     1675.00        0.50
     1     0     2218.00     1681.00        0.50
     1     0     2218.00     1687.00        0.50
     1     0     2218.00     1693.00        0.50
     1     0     2218.00     1699.00        0.50
     1     0     2218.00     1705.00        0.50
     1     0     2218.00     1711.00        0.50
     1     0     2216.00     1717.00        0.50
     1     0     2216.00     1723.00        0.50
     1     0     2212.00     1729.00        0.50
     1     0     2210.00     1735.00        0.50
     1     0     2206.00     1741.00        0.50
     1     0     2202.00     1745.00        0.50
     1     0     2198.00     1751.00        0.50
     1     0     2194.00     1755.00        0.50
     1     0     2188.00     1759.00        0.50
     1     0     2182.00     1761.00        0.50
     1     0     2176.00     1763.00        0.50
     1     0     2170.00     1765.00        0.50
     1     0     2164.00     1765.00        0.50
     1     0     2158.00     1767.00        0.50
     1     0     2152.00     1767.00        0.50
     1     0     2146.00     1769.00        0.50
     1     0     2140.00     1769.00        0.50
     1     0     2134.00     1771.00        0.50
     1     0     2128.00     1773.00        0.50
     2     0     1314.00     1265.00        0.50
     2     0     1314.00     1259.00        0.50
     2     0     1316.00     1253.00        0.50
     2     0     1318.00     1247.00        0.50
     2     0     1322.00     1241.00        0.50
     2     0     1324.00     1235.00        0.50
     2     0     1326.00     1229.00        0.50
     2     0     1328.00     1223.00        0.50
     2     0     1330.00     1217.00        0.50
     2     0     1332.00     1211.00        0.50
     2     0     1334.00     1205.00        0.50
     2     0     1338.00     1199.00        0.50
     2     0     1340.00     1193.00        0.50
     2     0     1342.00     1187.00        0.50
     2     0     1344.00     1181.00        0.50
     2     0     1346.00     1175.00        0.50
     2     0     1348.00     1169.00        0.50
     2     0     1350.00     1161.00        0.50
     2     0     1352.00     1155.00        0.50
     2     0     1354.00     1147.00        0.50
     2     0     1356.00     1141.00        0.50
     2     0     1358.00     1135.00        0.50
     2     0     1360.00     1129.00        0.50
     2     0     1360.00     1123.00        0.50
     2     0     1362.00     1117.00        0.50
     2     0     1364.00     1111.00        0.50
     2     0     1364.00     1105.00        0.50
     2     0     1366.00     1099.00        0.50
     2     0     1366.00     1093.00        0.50
     2     0     1368.00     1087.00        0.50
     2     0     1368.00     1081.00        0.50
     2     0     1370.00     1075.00        0.50
     2     0     1370.00     1069.00        0.50
     2     0     1372.00     1063.00        0.50
     2     0     1372.00     1057.00        0.50
     2     0     1374.00     1051.00        0.50
     2     0     1374.00     1045.00        0.50
     2     0     1374.00     1039.00        0.50
     2     0     1376.00     1033.00        0.50
     2     0     1376.00     1027.00        0.50
     2     0     1376.00     1021.00        0.50
     2     0     1376.00     1015.00        0.50
     2     0     1378.00     1007.00        0.50
     2     0     1378.00     1001.00        0.50
     2     0     1380.00      995.00        0.50
     2     0     1380.00      987.00        0.50
     2     0     1380.00      981.00        0.50
     2     0     1382.00      973.00        0.50
     2     0     1384.00      965.00        0.50
     2     0     1386.00      953.00        0.50
     2     0     1386.00      947.00        0.50
     2     0     1388.00      939.00        0.50
     2     0     1388.00      933.00        0.50
     2     0     1388.00      927.00        0.50
     2     0     1390.00      921.00        0.50
     2     0     1390.00      915.00        0.50
     2     0     1390.00      909.00        0.50
     2     0     1390.00      903.00        0.50
     2     0     1390.00      897.00        0.50
     2     0     1390.00      891.00        0.50
     2     0     1390.00      885.00        0.50
     2     0     1388.00      875.00        0.50
     2     0     1388.00      867.00        0.50
     2     0     1386.00      857.00        0.50
     2     0     1384.00      847.00        0.50
     2     0     1384.00      839.00        0.50
     2     0     1382.00      829.00        0.50
     2     0     1380.00      819.00        0.50
     2     0     1380.00      811.00        0.50
     2     0     1378.00      803.00        0.50
     2     0     1376.00      795.00        0.50
     2     0     1376.00      789.00        0.50
     2     0     1374.00      777.00        0.50
     2     0     1374.00      771.00        0.50
     2     0     1372.00      761.00        0.50
     2     0     1372.00      753.00        0.50
     2     0     1372.00      745.00        0.50
     2     0     1372.00      737.00        0.50
     2     0     1372.00      729.00        0.50
     2     0     1372.00      721.00        0.50
     2     0     1372.00      713.00        0.50
     2     0     1374.00      705.00        0.50
     2     0     1374.00      699.00        0.50
     2     0     1376.00      691.00        0.50
     2     0     1378.00      683.00        0.50
     2     0     1382.00      677.00        0.50
     2     0     1382.00      671.00        0.50
     2     0     1384.00      665.00        0.50
     2     0     1388.00      661.00        0.50
     2     0     1390.00      655.00        0.50
     2     0     1394.00      647.00        0.50
     2     0     1396.00      639.00        0.50
     2     0     1400.00      633.00        0.50
     2     0     1402.00      627.00        0.50
     2     0     1404.00      621.00        0.50
     2     0     1406.00      615.00        0.50
     2     0     1408.00      609.00        0.50
     2     0     1410.00      603.00        0.50
     2     0     1410.00      597.00        0.50
     2     0     1410.00      591.00        0.50
     2     0     1410.00      585.00        0.50
     2     0     1408.00      575.00        0.50
     2     0     1408.00      563.00        0.50
     2     0     1408.00      553.00        0.50
     2     0     1408.00      545.00        0.50
     2     0     1408.00      537.00        0.50
     2     0     1408.00      531.00        0.50
     2     0     1410.00      525.00        0.50
     2     0     1414.00      519.00        0.50
     2     0     1418.00      513.00        0.50
     2     0     1422.00      509.00        0.50
     2     0     1428.00      503.00        0.50
     2     0     1436.00      493.00        0.50
     2     0     1444.00      483.00        0.50
     2     0     1452.00      471.00        0.50
     2     0     1456.00      465.00        0.50
     2     0     1460.00      459.00        0.50
     2     0     1464.00      449.00        0.50
     2     0     1468.00      441.00        0.50
     2     0     1472.00      433.00        0.50
     2     0     1478.00      427.00        0.50
     2     0     1480.00      421.00        0.50
     2     0     1482.00      415.00        0.50
     2     0     1486.00      407.00        0.50
     2     0     1486.00      401.00        0.50
     2     0     1488.00      395.00        0.50
     2     0     1488.00      389.00        0.50
     2     0     1488.00      383.00        0.50
     2     0     1488.00      377.00        0.50
     2     0     1488.00      371.00        0.50
     2     0     1490.00      365.00        0.50
     2     0     1492.00      359.00        0.50
     2     0     1494.00      353.00        0.50
     2     0     1496.00      347.00        0.50
     2     0     1496.00      341.00        0.50
     2     0     1500.00      337.00        0.50
     2     0     1504.00      333.00        0.50
     2     1     1998.00     1295.00        0.50
     2     1     1998.00     1285.00        0.50
     2     1     2000.00     1279.00        0.50
     2     1     2002.00     1273.00        0.50
     2     1     2002.00     1267.00        0.50
     2     1     2004.00     1261.00        0.50
     2     1     2006.00     1255.00        0.50
     2     1     2008.00     1249.00        0.50
     2     1     2010.00     1243.00        0.50
     2     1     2012.00     1237.00        0.50
     2     1     2014.00     1231.00        0.50
     2     1     2018.00     1223.00        0.50
     2     1     2020.00     1213.00        0.50
     2     1     2022.00     1205.00        0.50
     2     1     2024.00     1193.00        0.50
     2     1     2026.00     1187.00        0.50
     2     1     2028.00     1177.00        0.50
     2     1     2028.00     1169.00        0.50
     2     1     2030.00     1161.00        0.50
     2     1     2032.00     1153.00        0.50
     2     1     2032.00     1143.00        0.50
     2     1     2032.00     1135.00        0.50
     2     1     2032.00     1129.00        0.50
     2     1     2032.00     1121.00        0.50
     2     1     2030.00     1115.00        0.50
     2     1     2030.00     1109.00        0.50
     2     1     2028.00     1103.00        0.50
     2     1     2026.00     1097.00        0.50
     2     1     2026.00     1091.00        0.50
     2     1     2026.00     1085.00        0.50
     2     1     2024.00     1079.00        0.50
     2     1     2024.00     1073.00        0.50
     2     1     2024.00     1067.00        0.50
     2     1     2024.00     1061.00        0.50
     2     1     2024.00     1053.00        0.50
     2     1     2024.00     1043.00        0.50
     2     1     2024.00     1035.00        0.50
     2     1     2026.00     1025.00        0.50
     2     1     2026.00     1017.00        0.50
     2     1     2028.00     1011.00        0.50
     2     1     2028.00     1003.00        0.50
     2     1     2030.00      997.00        0.50
     2     1     2032.00      989.00        0.50
     2     1     2034.00      981.00        0.50
     2     1     2038.00      973.00        0.50
     2     1     2040.00      967.00        0.50
     2     1     2042.00      961.00        0.50
     2     1     2042.00      955.00        0.50
     2     1     2042.00      949.00        0.50
     2     1     2042.00      943.00        0.50
     2     1     2042.00      937.00        0.50
     2     1     2042.00      931.00        0.50
     2     1     2042.00      925.00        0.50
     2     1     2042.00      919.00        0.50
     2     1     2040.00      913.00        0.50
     2     1     2040.00      907.00        0.50
     2     1     2040.00      901.00        0.50
     2     1     2040.00      889.00        0.50
     2     1     2040.00      879.00        0.50
     2     1     2040.00      869.00        0.50
     2     1     2040.00      859.00        0.50
     2     1     2040.00      849.00        0.50
     2     1     2044.00      839.00        0.50
     2     1     2044.00      831.00        0.50
     2     1     2046.00      823.00        0.50
     2     1     2048.00      817.00        0.50
     2     1     2050.00      811.00        0.50
     2     1     2052.00      805.00        0.50
     2     1     2056.00      801.00        0.50
     2     1     2058.00      795.00        0.50
     2     1     2060.00      789.00        0.50
     2     1     2062.00      783.00        0.50
     2     1     2064.00      777.00        0.50
     2     1     2058.00      781.00        0.50
     2     1     2052.00      783.00        0.50
     2     1     2048.00      787.00        0.50
     2     1     2052.00      793.00        0.50
     2     1     2058.00      795.00        0.50
     2     1     2062.00      791.00        0.50
     2     1     2064.00      785.00        0.50
     2     1     2066.00      779.00        0.50
     2     1     2068.00      773.00        0.50
     2     1     2068.00      767.00        0.50
     2     1     2068.00      761.00        0.50
     2     1     2068.00      755.00        0.50
     2     1     2068.00      749.00        0.50
     2     1     2068.00      743.00        0.50
     2     1     2068.00      737.00        0.50
     2     1     2070.00      729.00        0.50
     2     1     2070.00      723.00        0.50
     2     1     2070.00      717.00        0.50
     2     1     2070.00      709.00        0.50
     2     1     2070.00      703.00        0.50
     2     1     2070.00      697.00        0.50
     2     1     2072.00      691.00        0.50
     2     1     2072.00      685.00        0.50
     2     1     2076.00      681.00        0.50
     2     1     2078.00      675.00        0.50
     2     1     2082.00      671.00        0.50
     2     1     2086.00      665.00        0.50
     2     1     2090.00      659.00        0.50
     2     1     2094.00      653.00        0.50
     2     1     2098.00      647.00        0.50
     2     1     2102.00      641.00        0.50
     2     1     2104.00      635.00        0.50
     2     1     2108.00      629.00        0.50
     2     1     2110.00      623.00        0.50
     2     1     2114.00      617.00        0.50
     2     1     2116.00      611.00        0.50
     2     1     2118.00      605.00        0.50
     2     1     2120.00      599.00        0.50
     2     1     2122.00      593.00        0.50
     2     1     2124.00      585.00        0.50
     2     1     2128.00      577.00        0.50
     2     1     2130.00      571.00        0.50
     2     1     2130.00      565.00        0.50
     2     1     2132.00      559.00        0.50
     2     1     2134.00      553.00        0.50
     2     1     2136.00      547.00        0.50
     2     1     2138.00      541.00        0.50
     2     1     2140.00      535.00        0.50
     2     1     2142.00      529.00        0.50
     2     1     2146.00      523.00        0.50
     2     1     2148.00      517.00        0.50
     2     1     2150.00      511.00        0.50
     2     1     2154.00      503.00        0.50
     2     1     2156.00      495.00        0.50
     2     1     2160.00      487.00        0.50
     2     1     2164.00      481.00        0.50
     2     1     2166.00      475.00        0.50
     2     1     2168.00      467.00        0.50
     2     1     2172.00      461.00        0.50
     2     1     2176.00      455.00        0.50
     2     1     2178.00      449.00        0.50
     2     1     2182.00      443.00        0.50
     2     1     2186.00      435.00        0.50
     2     1     2190.00      429.00        0.50
     2     1     2192.00      421.00        0.50
     2     1     2196.00      415.00        0.50
     2     1     2200.00      409.00        0.50
     2     1     2202.00      403.00        0.50
     2     1     2206.00      399.00        0.50
     2     1     2208.00      393.00        0.50
     2     1     2212.00      389.00        0.50
     2     1     2214.00      383.00        0.50
     2     1     2218.00      377.00        0.50
     2     1     2222.00      369.00        0.50
     2     1     2226.00      361.00        0.50
     2     1     2232.00      353.00        0.50
     2     1     2236.00      345.00        0.50
     2     1     2240.00      335.00        0.50
     2     1     2242.00      329.00        0.50
     2     1     2246.00      321.00        0.50
     2     1     2250.00      315.00        0.50
     2     1     2252.00      309.00        0.50
     2     1     2254.00      303.00        0.50
     2     1     2258.00      299.00        0.50
     2     1     2260.00      293.00        0.50
     2     1     2262.00      287.00        0.50
     2     1     2264.00      279.00        0.50
     2     1     2270.00      271.00        0.50
     2     1     2272.00      265.00        0.50
     2     1     2276.00      255.00        0.50
     2     1     2280.00      249.00        0.50
     2     1     2284.00      243.00        0.50
     2     1     2286.00      237.00        0.50
     2     1     2288.00      231.00        0.50
     2     1     2292.00      225.00        0.50
     3     0     1360.00     1247.00        0.50
     3     0     1364.00     1239.00        0.50
     3     0     1366.00     1233.00        0.50
     3     0     1368.00     1227.00        0.50
     3     0     1370.00     1221.00        0.50
     3     0     1372.00     1215.00        0.50
     3     0     1374.00     1209.00        0.50
     3     0     1376.00     1203.00        0.50
     3     0     1378.00     1197.00        0.50
     3     0     1380.00     1191.00        0.50
     3     0     1380.00     1185.00        0.50
     3     0     1382.00     1179.00        0.50
     3     0     1384.00     1173.00        0.50
     3     0     1386.00     1167.00        0.50
     3     0     1388.00     1161.00        0.50
     3     0     1390.00     1155.00        0.50
     3     0     1392.00     1149.00        0.50
     3     0     1394.00     1143.00        0.50
     3     0     1396.00     1137.00        0.50
     3     0     1398.00     1131.00        0.50
     3     0     1400.00     1125.00        0.50
     3     0     1402.00     1119.00        0.50
     3     0     1404.00     1113.00        0.50
     3     0     1404.00     1107.00        0.50
     3     0     1406.00     1101.00        0.50
     3     0     1408.00     1095.00        0.50
     3     0     1408.00     1089.00        0.50
     3     0     1408.00     1083.00        0.50
     3     0     1408.00     1077.00        0.50
     3     0     1408.00     1071.00        0.50
     3     0     1408.00     1065.00        0.50
     3     0     1406.00     1059.00        0.50
     3     0     1406.00     1053.00        0.50
     3     0     1404.00     1047.00        0.50
     3     0     1402.00     1041.00        0.50
     3     0     1398.00     1037.00        0.50
     3     0     1398.00     1031.00        0.50
     3     0     1398.00     1025.00        0.50
     3     0     1398.00     1019.00        0.50
     3     0     1398.00     1013.00        0.50
     3     0     1398.00     1007.00        0.50
     3     0     1398.00     1001.00        0.50
     3     0     1398.00      995.00        0.50
     3     0     1400.00      989.00        0.50
     3     0     1400.00      983.00        0.50
     3     0     1402.00      977.00        0.50
     3     0     1404.00      971.00        0.50
     3     0     1406.00      965.00        0.50
     3     0     1406.00      959.00        0.50
     3     0     1408.00      953.00        0.50
     3     0     1410.00      947.00        0.50
     3     0     1412.00      941.00        0.50
     3     0     1414.00      935.00        0.50
     3     0     1414.00      929.00        0.50
     3     0     1416.00      923.00        0.50
     3     0     1418.00      917.00        0.50
     3     0     1418.00      911.00        0.50
     3     0     1420.00      905.00        0.50
     3     0     1420.00      899.00        0.50
     3     0     1422.00      893.00        0.50
     3     0     1422.00      887.00        0.50
     3     0     1424.00      881.00        0.50
     3     0     1426.00      875.00        0.50
     3     0     1426.00      869.00        0.50
     3     0     1426.00      863.00        0.50
     3     0     1428.00      857.00        0.50
     3     0     1428.00      851.00        0.50
     3     0     1430.00      845.00        0.50
     3     0     1430.00      839.00        0.50
     3     0     1428.00      833.00        0.50
     3     0     1424.00      827.00        0.50
     3     0     1422.00      821.00        0.50
     3     0     1420.00      815.00        0.50
     3     0     1418.00      809.00        0.50
     3     0     1416.00      803.00        0.50
     3     0     1416.00      795.00        0.50
     3     0     1416.00      787.00        0.50
     3     0     1414.00      781.00        0.50
     3     0     1414.00      775.00        0.50
     3     0     1414.00      769.00        0.50
     3     0     1416.00      763.00        0.50
     3     0     1416.00      757.00        0.50
     3     0     1416.00      751.00        0.50
     3     0     1416.00      743.00        0.50
     3     0     1416.00      735.00        0.50
     3     0     1416.00      723.00        0.50
     3     0     1416.00      715.00        0.50
     3     0     1416.00      709.00        0.50
     3     0     1418.00      703.00        0.50
     3     0     1418.00      697.00        0.50
     3     0     1418.00      691.00        0.50
     3     0     1420.00      685.00        0.50
     3     0     1422.00      677.00        0.50
     3     0     1426.00      669.00        0.50
     3     0     1428.00      663.00        0.50
     3     0     1432.00      655.00        0.50
     3     0     1436.00      651.00        0.50
     3     0     1438.00      645.00        0.50
     3     0     1442.00      639.00        0.50
     3     0     1444.00      633.00        0.50
     3     0     1446.00      627.00        0.50
     3     0     1448.00      621.00        0.50
     3     0     1448.00      615.00        0.50
     3     0     1450.00      609.00        0.50
     3     0     1452.00      603.00        0.50
     3     0     1454.00      597.00        0.50
     3     0     1458.00      589.00        0.50
     3     0     1460.00      581.00        0.50
     3     0     1462.00      575.00        0.50
     3     0     1464.00      569.00        0.50
     3     0     1462.00      575.00        0.50
     3     0     1458.00      579.00        0.50
     3     0     1454.00      583.00        0.50
     3     0     1460.00      581.00        0.50
     3     0     1460.00      575.00        0.50
     3     0     1464.00      571.00        0.50
     3     0     1466.00      565.00        0.50
     3     0     1470.00      559.00        0.50
     3     0     1472.00      553.00        0.50
     3     0     1476.00      547.00        0.50
     3     0     1480.00      541.00        0.50
     3     0     1484.00      531.00        0.50
     3     0     1488.00      521.00        0.50
     3     0     1492.00      511.00        0.50
     3     0     1496.00      503.00        0.50
     3     0     1498.00      495.00        0.50
     3     0     1500.00      487.00        0.50
     3     0     1502.00      477.00        0.50
     3     0     1506.00      465.00        0.50
     3     0     1508.00      455.00        0.50
     3     0     1510.00      447.00        0.50
     3     0     1514.00      437.00        0.50
     3     0     1516.00      429.00        0.50
     3     0     1520.00      419.00        0.50
     3     0     1520.00      413.00        0.50
     3     0     1522.00      407.00        0.50
     3     0     1524.00      401.00        0.50
     3     0     1524.00      395.00        0.50
     3     0     1526.00      389.00        0.50
     3     0     1526.00      383.00        0.50
     3     0     1530.00      377.00        0.50
     3     0     1534.00      371.00        0.50
     3     0     1536.00      365.00        0.50
     3     0     1538.00      357.00        0.50
     3     1     2254.00      221.00        0.50
     3     1     2250.00      227.00        0.50
     3     1     2246.00      233.00        0.50
     3     1     2244.00      239.00        0.50
     3     1     2242.00      245.00        0.50
     3     1     2240.00      251.00        0.50
     3     1     2238.00      257.00        0.50
     3     1     2234.00      263.00        0.50
     3     1     2232.00      269.00        0.50
     3     1     2230.00      275.00        0.50
     3     1     2226.00      281.00        0.50
     3     1     2224.00      287.00        0.50
     3     1     2222.00      293.00        0.50
     3     1     2222.00      299.00        0.50
     3     1     2220.00      305.00        0.50
     3     1     2218.00      311.00        0.50
     3     1     2218.00      317.00        0.50
     3     1     2216.00      323.00        0.50
     3     1     2214.00      329.00        0.50
     3     1     2212.00      335.00        0.50
     3     1     2210.00      341.00        0.50
     3     1     2208.00      347.00        0.50
     3     1     2204.00      351.00        0.50
     3     1     2200.00      357.00        0.50
     3     1     2198.00      363.00        0.50
     3     1     2192.00      369.00        0.50
     3     1     2190.00      375.00        0.50
     3     1     2186.00      383.00        0.50
     3     1     2182.00      389.00        0.50
     3     1     2180.00      397.00        0.50
     3     1     2176.00      403.00        0.50
     3     1     2172.00      411.00        0.50
     3     1     2168.00      415.00        0.50
     3     1     2164.00      423.00        0.50
     3     1     2158.00      427.00        0.50
     3     1     2154.00      433.00        0.50
     3     1     2150.00      437.00        0.50
     3     1     2146.00      441.00        0.50
     3     1     2142.00      445.00        0.50
     3     1     2140.00      451.00        0.50
     3     1     2140.00      457.00        0.50
     3     1     2140.00      463.00        0.50
     3     1     2140.00      469.00        0.50
     3     1     2140.00      475.00        0.50
     3     1     2138.00      481.00        0.50
     3     1     2136.00      487.00        0.50
     3     1     2132.00      491.00        0.50
     3     1     2130.00      497.00        0.50
     3     1     2126.00      501.00        0.50
     3     1     2122.00      507.00        0.50
     3     1     2118.00      513.00        0.50
     3     1     2114.00      519.00        0.50
     3     1     2112.00      525.00        0.50
     3     1     2108.00      529.00        0.50
     3     1     2106.00      535.00        0.50
     3     1     2104.00      541.00        0.50
     3     1     2102.00      547.00        0.50
     3     1     2100.00      553.00        0.50
     3     1     2096.00      559.00        0.50
     3     1     2094.00      565.00        0.50
     3     1     2092.00      571.00        0.50
     3     1     2090.00      579.00        0.50
     3     1     2088.00      589.00        0.50
     3     1     2086.00      597.00        0.50
     3     1     2082.00      605.00        0.50
     3     1     2080.00      611.00        0.50
     3     1     2076.00      619.00        0.50
     3     1     2072.00      629.00        0.50
     3     1     2066.00      639.00        0.50
     3     1     2062.00      647.00        0.50
     3     1     2058.00      655.00        0.50
     3     1     2054.00      663.00        0.50
     3     1     2050.00      669.00        0.50
     3     1     2046.00      675.00        0.50
     3     1     2044.00      681.00        0.50
     3     1     2040.00      687.00        0.50
     3     1     2038.00      693.00        0.50
     3     1     2034.00      701.00        0.50
     3     1     2032.00      707.00        0.50
     3     1     2028.00      715.00        0.50
     3     1     2026.00      725.00        0.50
     3     1     2024.00      733.00        0.50
     3     1     2024.00      743.00        0.50
     3     1     2022.00      749.00        0.50
     3     1     2022.00      755.00        0.50
     3     1     2022.00      761.00        0.50
     3     1     2022.00      767.00        0.50
     3     1     2022.00      773.00        0.50
     3     1     2022.00      779.00        0.50
     3     1     2022.00      785.00        0.50
     3     1     2020.00      793.00        0.50
     3     1     2020.00      799.00        0.50
     3     1     2018.00      805.00        0.50
     3     1     2018.00      811.00        0.50
     3     1     2016.00      817.00        0.50
     3     1     2016.00      823.00        0.50
     3     1     2014.00      829.00        0.50
     3     1     2012.00      843.00        0.50
     3     1     2012.00      853.00        0.50
     3     1     2010.00      863.00        0.50
     3     1     2010.00      871.00        0.50
     3     1     2008.00      877.00        0.50
     3     1     2008.00      885.00        0.50
     3     1     2006.00      893.00        0.50
     3     1     2004.00      899.00        0.50
     3     1     2000.00      905.00        0.50
     3     1     1998.00      911.00        0.50
     3     1     1996.00      917.00        0.50
     3     1     1994.00      923.00        0.50
     3     1     1994.00      929.00        0.50
     3     1     1996.00      935.00        0.50
     3     1     1996.00      941.00        0.50
     3     1     1996.00      947.00        0.50
     3     1     1996.00      959.00        0.50
     3     1     1996.00      965.00        0.50
     3     1     1996.00      971.00        0.50
     3     1     1996.00      977.00        0.50
     3     1     2000.00      981.00        0.50
     3     1     2000.00      987.00        0.50
     3     1     1998.00      993.00        0.50
     3     1     1996.00      999.00        0.50
     3     1     1996.00     1005.00        0.50
     3     1     1994.00     1011.00        0.50
     3     1     1994.00     1017.00        0.50
     3     1     1992.00     1023.00        0.50
     3     1     1990.00     1029.00        0.50
     3     1     1990.00     1035.00        0.50
     3     1     1990.00     1041.00        0.50
     3     1     1988.00     1047.00        0.50
     3     1     1988.00     1055.00        0.50
     3     1     1988.00     1063.00        0.50
     3     1     1988.00     1071.00        0.50
     3     1     1988.00     1083.00        0.50
     3     1     1988.00     1093.00        0.50
     3     1     1988.00     1103.00        0.50
     3     1     1988.00     1111.00        0.50
     3     1     1988.00     1119.00        0.50
     3     1     1988.00     1127.00        0.50
     3     1     1988.00     1137.00        0.50
     3     1     1990.00     1145.00        0.50
     3     1     1992.00     1151.00        0.50
     3     1     1994.00     1157.00        0.50
     3     1     1996.00     1163.00        0.50
     3     1     1996.00     1169.00        0.50
     3     1     1998.00     1175.00        0.50
     3     1     1998.00     1181.00        0.50
     3     1     1998.00     1187.00        0.50
     3     1     1996.00     1193.00        0.50
     3     1     1996.00     1199.00        0.50
     3     1     1994.00     1205.00        0.50
     3     1     1994.00     1211.00        0.50
     3     1     1992.00     1217.00        0.50
     3     1     1992.00     1223.00        0.50
     3     1     1990.00     1229.00        0.50
     3     1     1988.00     1239.00        0.50
     3     1     1988.00     1247.00        0.50
     3     1     1986.00     1253.00        0.50
     3     1     1984.00     1261.00        0.50
     3     1     1982.00     1267.00        0.50
     3     1     1980.00     1273.00        0.50
     3     1     1978.00     1279.00        0.50
     3     1     1976.00     1285.00        0.50
     3     1     1974.00     1291.00        0.50
