     0     0      644.00     2030.00        0.50
     0     0      648.00     2018.00        0.50
     0     0      652.00     2006.00        0.50
     0     0      656.00     1994.00        0.50
     0     0      656.00     1982.00        0.50
     0     0      660.00     1970.00        0.50
     0     0      664.00     1958.00        0.50
     0     0      672.00     1950.00        0.50
     0     0      680.00     1942.00        0.50
     0     0      688.00     1934.00        0.50
     0     0      696.00     1926.00        0.50
     0     0      704.00     1918.00        0.50
     0     0      716.00     1922.00        0.50
     0     0      728.00     1918.00        0.50
     0     0      740.00     1918.00        0.50
     0     0      752.00     1918.00        0.50
     0     0      764.00     1918.00        0.50
     0     0      776.00     1918.00        0.50
     0     0      788.00     1922.00        0.50
     0     0      796.00     1930.00        0.50
     0     0      808.00     1934.00        0.50
     0     0      816.00     1942.00        0.50
     0     0      828.00     1946.00        0.50
     0     0      836.00     1954.00        0.50
     0     0      840.00     1966.00        0.50
     0     0      848.00     1974.00        0.50
     0     0      852.00     1986.00        0.50
     0     0      852.00     1998.00        0.50
     0     0      852.00     2010.00        0.50
     0     0      848.00     2022.00        0.50
     0     0      848.00     2034.00        0.50
     0     0      844.00     2046.00        0.50
     0     0      836.00     2054.00        0.50
     0     0      832.00     2066.00        0.50
     0     0      828.00     2078.00        0.50
     0     0      820.00     2086.00        0.50
     0     0      812.00     2094.00        0.50
     0     0      804.00     2106.00        0.50
     0     0      796.00     2114.00        0.50
     0     0      788.00     2122.00        0.50
     0     0      780.00     2130.00        0.50
     0     0      772.00     2138.00        0.50
     0     0      760.00     2146.00        0.50
     0     0      748.00     2150.00        0.50
     0     0      736.00     2154.00        0.50
     0     0      724.00     2158.00        0.50
     0     0      712.00     2158.00        0.50
     0     0      700.00     2158.00        0.50
     0     0      688.00     2158.00        0.50
     0     0      676.00     2154.00        0.50
     0     0      664.00     2150.00        0.50
     0     0      656.00     2142.00        0.50
     0     0      644.00     2138.00        0.50
     0     0      636.00     2130.00        0.50
     0     0      624.00     2126.00        0.50
     0     0      620.00     2114.00        0.50
     0     0      616.00     2102.00        0.50
     0     0      616.00     2090.00        0.50
     0     0      612.00     2078.00        0.50
     0     0      616.00     2066.00        0.50
     0     0      624.00     2058.00        0.50
     0     0      628.00     2046.00        0.50
     1     0      704.00     2102.00        0.50
     1     0      692.00     2106.00        0.50
     1     0      680.00     2102.00        0.50
     1     0      672.00     2094.00        0.50
     1     0      664.00     2086.00        0.50
     1     0      664.00     2074.00        0.50
     1     0      664.00     2062.00        0.50
     1     0      668.00     2050.00        0.50
     1     0      672.00     2038.00        0.50
     1     0      680.00     2030.00        0.50
     1     0      684.00     2018.00        0.50
     1     0      688.00     2006.00        0.50
     1     0      696.00     1994.00        0.50
     1     0      700.00     1982.00        0.50
     1     0      708.00     1974.00        0.50
     1     0      716.00     1966.00        0.50
     1     0      728.00     1962.00        0.50
     1     0      740.00     1958.00        0.50
     1     0      752.00     1958.00        0.50
     1     0      764.00     1962.00        0.50
     1     0      772.00     1970.00        0.50
     1     0      780.00     1978.00        0.50
     1     0      788.00     1986.00        0.50
     1     0      796.00     1994.00        0.50
     1     0      804.00     2002.00        0.50
     1     0      804.00     2014.00        0.50
     1     0      800.00     2026.00        0.50
     1     0      800.00     2038.00        0.50
     1     0      796.00     2050.00        0.50
     1     0      788.00     2058.00        0.50
     1     0      784.00     2070.00        0.50
     1     0      776.00     2078.00        0.50
     1     0      768.00     2086.00        0.50
     1     0      760.00     2094.00        0.50
     1     0      752.00     2102.00        0.50
     1     0      740.00     2110.00        0.50
     1     0      728.00     2114.00        0.50
     2     0      952.00     1730.00        0.50
     2     0      960.00     1710.00        0.50
     2     0      968.00     1702.00        0.50
     2     0      972.00     1690.00        0.50
     2     0      976.00     1678.00        0.50
     2     0      980.00     1666.00        0.50
     2     0      984.00     1654.00        0.50
     2     0      992.00     1646.00        0.50
     2     0      996.00     1634.00        0.50
     2     0     1004.00     1622.00        0.50
     2     0     1008.00     1610.00        0.50
     2     0     1016.00     1602.00        0.50
     2     0     1024.00     1594.00        0.50
     2     0     1028.00     1582.00        0.50
     2     0     1036.00     1570.00        0.50
     2     0     1044.00     1562.00        0.50
     2     0     1048.00     1550.00        0.50
     2     0     1056.00     1542.00        0.50
     2     0     1064.00     1530.00        0.50
     2     0     1072.00     1522.00        0.50
     2     0     1076.00     1510.00        0.50
     2     0     1084.00     1502.00        0.50
     2     0     1092.00     1494.00        0.50
     2     0     1096.00     1482.00        0.50
     2     0     1104.00     1470.00        0.50
     2     0     1112.00     1462.00        0.50
     2     0     1116.00     1450.00        0.50
     2     0     1124.00     1442.00        0.50
     2     0     1132.00     1434.00        0.50
     2     0     1136.00     1422.00        0.50
     2     0     1144.00     1414.00        0.50
     2     0     1152.00     1402.00        0.50
     2     0     1160.00     1390.00        0.50
     2     0     1164.00     1378.00        0.50
     2     0     1172.00     1370.00        0.50
     2     0     1180.00     1362.00        0.50
     2     0     1184.00     1350.00        0.50
     2     0     1192.00     1342.00        0.50
     2     0     1200.00     1334.00        0.50
     2     0     1208.00     1326.00        0.50
     2     0     1216.00     1314.00        0.50
     2     0     1224.00     1306.00        0.50
     2     0     1232.00     1298.00        0.50
     2     0     1240.00     1290.00        0.50
     2     0     1248.00     1282.00        0.50
     2     0     1260.00     1274.00        0.50
     2     0     1272.00     1266.00        0.50
     2     0     1284.00     1258.00        0.50
     2     0     1296.00     1250.00        0.50
     2     0     1308.00     1246.00        0.50
     2     0     1316.00     1238.00        0.50
     2     0     1324.00     1230.00        0.50
     2     0     1336.00     1226.00        0.50
     2     0     1344.00     1218.00        0.50
     2     0     1356.00     1214.00        0.50
     2     0     1364.00     1206.00        0.50
     2     0     1376.00     1202.00        0.50
     2     0     1388.00     1198.00        0.50
     2     0     1396.00     1190.00        0.50
     2     1     1776.00     1054.00        0.50
     2     1     1788.00     1058.00        0.50
     2     1     1800.00     1062.00        0.50
     2     1     1812.00     1066.00        0.50
     2     1     1824.00     1062.00        0.50
     2     1     1832.00     1054.00        0.50
     2     1     1840.00     1042.00        0.50
     2     1     1848.00     1034.00        0.50
     2     1     1860.00     1030.00        0.50
     2     1     1872.00     1022.00        0.50
     2     1     1884.00     1022.00        0.50
     2     1     1896.00     1022.00        0.50
     2     1     1908.00     1022.00        0.50
     2     1     1920.00     1022.00        0.50
     2     1     1932.00     1026.00        0.50
     2     1     1940.00     1034.00        0.50
     2     1     1952.00     1034.00        0.50
     2     1     1964.00     1038.00        0.50
     2     1     1976.00     1038.00        0.50
     2     1     1988.00     1038.00        0.50
     2     1     2000.00     1038.00        0.50
     2     1     2012.00     1038.00        0.50
     2     1     2020.00     1030.00        0.50
     2     1     2024.00     1018.00        0.50
     2     1     2032.00     1010.00        0.50
     2     1     2040.00     1002.00        0.50
     2     1     2048.00      994.00        0.50
     2     1     2056.00      986.00        0.50
     2     1     2064.00      978.00        0.50
     2     1     2076.00      974.00        0.50
     2     1     2084.00      966.00        0.50
     2     1     2096.00      962.00        0.50
     2     1     2108.00      958.00        0.50
     2     1     2120.00      958.00        0.50
     2     1     2132.00      958.00        0.50
     2     1     2144.00      962.00        0.50
     2     1     2156.00      962.00        0.50
     2     1     2168.00      962.00        0.50
     2     1     2180.00      966.00        0.50
     2     1     2192.00      970.00        0.50
     3     0      988.00     1706.00        0.50
     3     0      996.00     1698.00        0.50
     3     0     1000.00     1686.00        0.50
     3     0     1008.00     1678.00        0.50
     3     0     1012.00     1666.00        0.50
     3     0     1020.00     1658.00        0.50
     3     0     1028.00     1650.00        0.50
     3     0     1036.00     1642.00        0.50
     3     0     1040.00     1630.00        0.50
     3     0     1048.00     1622.00        0.50
     3     0     1056.00     1614.00        0.50
     3     0     1060.00     1602.00        0.50
     3     0     1068.00     1594.00        0.50
     3     0     1072.00     1582.00        0.50
     3     0     1076.00     1570.00        0.50
     3     0     1084.00     1562.00        0.50
     3     0     1092.00     1550.00        0.50
     3     0     1100.00     1542.00        0.50
     3     0     1108.00     1534.00        0.50
     3     0     1116.00     1526.00        0.50
     3     0     1124.00     1514.00        0.50
     3     0     1128.00     1502.00        0.50
     3     0     1132.00     1490.00        0.50
     3     0     1140.00     1482.00        0.50
     3     0     1144.00     1470.00        0.50
     3     0     1148.00     1458.00        0.50
     3     0     1156.00     1450.00        0.50
     3     0     1160.00     1438.00        0.50
     3     0     1168.00     1430.00        0.50
     3     0     1172.00     1418.00        0.50
     3     0     1180.00     1410.00        0.50
     3     0     1188.00     1402.00        0.50
     3     0     1196.00     1394.00        0.50
     3     0     1204.00     1382.00        0.50
     3     0     1212.00     1370.00        0.50
     3     0     1216.00     1358.00        0.50
     3     0     1220.00     1346.00        0.50
     3     0     1228.00     1338.00        0.50
     3     0     1232.00     1326.00        0.50
     3     0     1236.00     1314.00        0.50
     3     0     1244.00     1306.00        0.50
     3     0     1256.00     1302.00        0.50
     3     0     1264.00     1294.00        0.50
     3     0     1276.00     1290.00        0.50
     3     0     1288.00     1290.00        0.50
     3     0     1300.00     1286.00        0.50
     3     0     1312.00     1286.00        0.50
     3     0     1324.00     1286.00        0.50
     3     0     1332.00     1278.00        0.50
     3     0     1340.00     1270.00        0.50
     3     0     1348.00     1262.00        0.50
     3     0     1356.00     1250.00        0.50
     3     0     1364.00     1242.00        0.50
     3     0     1372.00     1234.00        0.50
     3     0     1380.00     1226.00        0.50
     3     0     1388.00     1218.00        0.50
     3     1     1784.00     1078.00        0.50
     3     1     1796.00     1086.00        0.50
     3     1     1808.00     1090.00        0.50
     3     1     1816.00     1098.00        0.50
     3     1     1828.00     1098.00        0.50
     3     1     1840.00     1098.00        0.50
     3     1     1848.00     1090.00        0.50
     3     1     1852.00     1078.00        0.50
     3     1     1860.00     1070.00        0.50
     3     1     1868.00     1062.00        0.50
     3     1     1880.00     1058.00        0.50
     3     1     1892.00     1058.00        0.50
     3     1     1904.00     1062.00        0.50
     3     1     1916.00     1066.00        0.50
     3     1     1928.00     1066.00        0.50
     3     1     1940.00     1070.00        0.50
     3     1     1952.00     1074.00        0.50
     3     1     1964.00     1074.00        0.50
     3     1     1976.00     1078.00        0.50
     3     1     1988.00     1082.00        0.50
     3     1     2000.00     1082.00        0.50
     3     1     2012.00     1082.00        0.50
     3     1     2024.00     1078.00        0.50
     3     1     2032.00     1070.00        0.50
     3     1     2040.00     1062.00        0.50
     3     1     2048.00     1054.00        0.50
     3     1     2056.00     1046.00        0.50
     3     1     2064.00     1038.00        0.50
     3     1     2072.00     1030.00        0.50
     3     1     2080.00     1022.00        0.50
     3     1     2092.00     1014.00        0.50
     3     1     2100.00     1006.00        0.50
     3     1     2108.00      998.00        0.50
     3     1     2120.00      998.00        0.50
     3     1     2132.00      998.00        0.50
     3     1     2144.00     1006.00        0.50
     3     1     2156.00     1006.00        0.50
     3     1     2168.00     1010.00        0.50
     3     1     2180.00     1010.00        0.50
     3     1     2192.00     1006.00        0.50
     3     1     2204.00     1002.00        0.50
     3     1     2216.00      998.00        0.50
     3     1     2224.00      990.00        0.50
     3     1     2232.00      982.00        0.50
     3     1     2244.00      978.00        0.50
