     0     0      418.00     1581.00        0.50
     0     0      412.00     1579.00        0.50
     0     0      406.00     1577.00        0.50
     0     0      400.00     1575.00        0.50
     0     0      396.00     1571.00        0.50
     0     0      392.00     1567.00        0.50
     0     0      390.00     1561.00        0.50
     0     0      388.00     1555.00        0.50
     0     0      384.00     1551.00        0.50
     0     0      380.00     1547.00        0.50
     0     0      374.00     1545.00        0.50
     0     0      370.00     1541.00        0.50
     0     0      364.00     1539.00        0.50
     0     0      360.00     1535.00        0.50
     0     0      354.00     1535.00        0.50
     0     0      350.00     1531.00        0.50
     0     0      348.00     1525.00        0.50
     0     0      346.00     1519.00        0.50
     0     0      344.00     1513.00        0.50
     0     0      344.00     1507.00        0.50
     0     0      344.00     1501.00        0.50
     0     0      346.00     1495.00        0.50
     0     0      348.00     1489.00        0.50
     0     0      350.00     1483.00        0.50
     0     0      352.00     1477.00        0.50
     0     0      352.00     1471.00        0.50
     0     0      354.00     1465.00        0.50
     0     0      356.00     1459.00        0.50
     0     0      358.00     1453.00        0.50
     0     0      360.00     1447.00        0.50
     0     0      364.00     1443.00        0.50
     0     0      368.00     1437.00        0.50
     0     0      374.00     1433.00        0.50
     0     0      380.00     1431.00        0.50
     0     0      386.00     1427.00        0.50
     0     0      392.00     1425.00        0.50
     0     0      398.00     1425.00        0.50
     0     0      404.00     1425.00        0.50
     0     0      410.00     1425.00        0.50
     0     0      416.00     1425.00        0.50
     0     0      422.00     1425.00        0.50
     0     0      428.00     1425.00        0.50
     0     0      434.00     1427.00        0.50
     0     0      440.00     1427.00        0.50
     0     0      446.00     1431.00        0.50
     0     0      452.00     1433.00        0.50
     0     0      456.00     1437.00        0.50
     0     0      460.00     1441.00        0.50
     0     0      464.00     1445.00        0.50
     0     0      466.00     1451.00        0.50
     0     0      470.00     1455.00        0.50
     0     0      472.00     1461.00        0.50
     0     0      474.00     1467.00        0.50
     0     0      476.00     1473.00        0.50
     0     0      478.00     1479.00        0.50
     0     0      478.00     1485.00        0.50
     0     0      480.00     1491.00        0.50
     0     0      480.00     1497.00        0.50
     0     0      482.00     1503.00        0.50
     0     0      486.00     1507.00        0.50
     0     0      488.00     1513.00        0.50
     0     0      492.00     1519.00        0.50
     0     0      492.00     1525.00        0.50
     0     0      492.00     1531.00        0.50
     0     0      492.00     1537.00        0.50
     0     0      490.00     1543.00        0.50
     0     0      488.00     1549.00        0.50
     0     0      484.00     1553.00        0.50
     0     0      480.00     1559.00        0.50
     0     0      476.00     1563.00        0.50
     0     0      472.00     1567.00        0.50
     0     0      468.00     1571.00        0.50
     0     0      462.00     1575.00        0.50
     0     0      456.00     1577.00        0.50
     0     0      452.00     1581.00        0.50
     0     0      446.00     1583.00        0.50
     0     0      440.00     1585.00        0.50
     0     0      434.00     1585.00        0.50
     0     1     2432.00     2925.00        0.50
     0     1     2422.00     2929.00        0.50
     0     1     2416.00     2931.00        0.50
     0     1     2410.00     2933.00        0.50
     0     1     2404.00     2935.00        0.50
     0     1     2398.00     2937.00        0.50
     0     1     2392.00     2941.00        0.50
     0     1     2384.00     2945.00        0.50
     0     1     2378.00     2947.00        0.50
     0     1     2370.00     2949.00        0.50
     0     1     2364.00     2951.00        0.50
     0     1     2356.00     2955.00        0.50
     0     1     2350.00     2957.00        0.50
     0     1     2338.00     2961.00        0.50
     0     1     2332.00     2965.00        0.50
     0     1     2326.00     2967.00        0.50
     0     1     2320.00     2971.00        0.50
     0     1     2314.00     2973.00        0.50
     0     1     2308.00     2975.00        0.50
     0     1     2304.00     2979.00        0.50
     0     1     2298.00     2981.00        0.50
     0     1     2292.00     2985.00        0.50
     0     1     2286.00     2989.00        0.50
     0     1     2280.00     2993.00        0.50
     0     1     2276.00     2997.00        0.50
     0     1     2272.00     3001.00        0.50
     0     1     2268.00     3005.00        0.50
     0     1     2264.00     3009.00        0.50
     0     1     2260.00     3015.00        0.50
     0     1     2256.00     3021.00        0.50
     0     1     2254.00     3027.00        0.50
     0     1     2252.00     3033.00        0.50
     0     1     2250.00     3039.00        0.50
     0     1     2248.00     3045.00        0.50
     0     1     2248.00     3051.00        0.50
     0     1     2248.00     3057.00        0.50
     0     1     2246.00     3063.00        0.50
     0     1     2246.00     3069.00        0.50
     0     1     2248.00     3075.00        0.50
     0     1     2248.00     3081.00        0.50
     0     1     2248.00     3087.00        0.50
     0     1     2248.00     3093.00        0.50
     0     1     2250.00     3099.00        0.50
     0     1     2250.00     3105.00        0.50
     0     1     2254.00     3111.00        0.50
     0     1     2256.00     3117.00        0.50
     0     1     2258.00     3123.00        0.50
     0     1     2260.00     3129.00        0.50
     0     1     2264.00     3133.00        0.50
     0     1     2266.00     3139.00        0.50
     0     1     2266.00     3145.00        0.50
     0     1     2268.00     3151.00        0.50
     0     1     2268.00     3157.00        0.50
     0     1     2268.00     3163.00        0.50
     0     1     2268.00     3169.00        0.50
     0     1     2268.00     3175.00        0.50
     0     1     2268.00     3181.00        0.50
     0     1     2270.00     3187.00        0.50
     0     1     2272.00     3193.00        0.50
     0     1     2274.00     3199.00        0.50
     0     1     2276.00     3205.00        0.50
     0     1     2280.00     3211.00        0.50
     0     1     2284.00     3217.00        0.50
     0     1     2286.00     3223.00        0.50
     0     1     2290.00     3229.00        0.50
     0     1     2294.00     3235.00        0.50
     0     1     2296.00     3241.00        0.50
     0     1     2300.00     3245.00        0.50
     0     1     2302.00     3251.00        0.50
     0     1     2306.00     3255.00        0.50
     0     1     2310.00     3259.00        0.50
     0     1     2314.00     3263.00        0.50
     0     1     2318.00     3267.00        0.50
     0     1     2322.00     3271.00        0.50
     0     1     2328.00     3273.00        0.50
     0     1     2332.00     3277.00        0.50
     0     1     2338.00     3279.00        0.50
     0     1     2344.00     3281.00        0.50
     0     1     2350.00     3283.00        0.50
     0     1     2356.00     3285.00        0.50
     0     1     2362.00     3285.00        0.50
     0     1     2368.00     3285.00        0.50
     0     1     2374.00     3285.00        0.50
     0     1     2380.00     3285.00        0.50
     0     1     2386.00     3285.00        0.50
     0     1     2392.00     3283.00        0.50
     0     1     2398.00     3281.00        0.50
     0     1     2402.00     3277.00        0.50
     0     1     2408.00     3275.00        0.50
     0     1     2412.00     3271.00        0.50
     0     1     2416.00     3267.00        0.50
     0     1     2422.00     3263.00        0.50
     0     1     2426.00     3259.00        0.50
     0     1     2430.00     3255.00        0.50
     0     1     2434.00     3251.00        0.50
     0     1     2438.00     3245.00        0.50
     0     1     2442.00     3241.00        0.50
     0     1     2446.00     3237.00        0.50
     0     1     2450.00     3233.00        0.50
     0     1     2454.00     3229.00        0.50
     0     1     2458.00     3225.00        0.50
     0     1     2464.00     3221.00        0.50
     0     1     2468.00     3217.00        0.50
     0     1     2472.00     3213.00        0.50
     0     1     2476.00     3209.00        0.50
     0     1     2482.00     3205.00        0.50
     0     1     2486.00     3201.00        0.50
     0     1     2490.00     3197.00        0.50
     0     1     2496.00     3193.00        0.50
     0     1     2500.00     3189.00        0.50
     0     1     2504.00     3185.00        0.50
     0     1     2510.00     3181.00        0.50
     0     1     2516.00     3177.00        0.50
     0     1     2522.00     3173.00        0.50
     0     1     2528.00     3169.00        0.50
     0     1     2534.00     3167.00        0.50
     0     1     2538.00     3163.00        0.50
     0     1     2544.00     3161.00        0.50
     0     1     2550.00     3157.00        0.50
     0     1     2556.00     3153.00        0.50
     0     1     2562.00     3151.00        0.50
     0     1     2568.00     3149.00        0.50
     1     0     2568.00     3109.00        0.50
     1     0     2562.00     3111.00        0.50
     1     0     2556.00     3113.00        0.50
     1     0     2552.00     3117.00        0.50
     1     0     2546.00     3119.00        0.50
     1     0     2540.00     3123.00        0.50
     1     0     2534.00     3127.00        0.50
     1     0     2528.00     3131.00        0.50
     1     0     2522.00     3133.00        0.50
     1     0     2518.00     3137.00        0.50
     1     0     2512.00     3141.00        0.50
     1     0     2506.00     3145.00        0.50
     1     0     2500.00     3147.00        0.50
     1     0     2496.00     3151.00        0.50
     1     0     2492.00     3155.00        0.50
     1     0     2486.00     3159.00        0.50
     1     0     2480.00     3161.00        0.50
     1     0     2476.00     3165.00        0.50
     1     0     2472.00     3169.00        0.50
     1     0     2468.00     3173.00        0.50
     1     0     2462.00     3177.00        0.50
     1     0     2458.00     3181.00        0.50
     1     0     2454.00     3185.00        0.50
     1     0     2452.00     3191.00        0.50
     1     0     2448.00     3195.00        0.50
     1     0     2444.00     3199.00        0.50
     1     0     2440.00     3203.00        0.50
     1     0     2436.00     3207.00        0.50
     1     0     2432.00     3211.00        0.50
     1     0     2428.00     3215.00        0.50
     1     0     2424.00     3219.00        0.50
     1     0     2420.00     3223.00        0.50
     1     0     2416.00     3227.00        0.50
     1     0     2410.00     3231.00        0.50
     1     0     2404.00     3233.00        0.50
     1     0     2400.00     3237.00        0.50
     1     0     2396.00     3241.00        0.50
     1     0     2390.00     3243.00        0.50
     1     0     2384.00     3245.00        0.50
     1     0     2378.00     3245.00        0.50
     1     0     2372.00     3245.00        0.50
     1     0     2366.00     3245.00        0.50
     1     0     2360.00     3245.00        0.50
     1     0     2354.00     3245.00        0.50
     1     0     2348.00     3245.00        0.50
     1     0     2342.00     3243.00        0.50
     1     0     2336.00     3241.00        0.50
     1     0     2332.00     3237.00        0.50
     1     0     2326.00     3233.00        0.50
     1     0     2320.00     3229.00        0.50
     1     0     2316.00     3225.00        0.50
     1     0     2312.00     3221.00        0.50
     1     0     2310.00     3215.00        0.50
     1     0     2308.00     3209.00        0.50
     1     0     2304.00     3205.00        0.50
     1     0     2302.00     3199.00        0.50
     1     0     2300.00     3193.00        0.50
     1     0     2300.00     3187.00        0.50
     1     0     2298.00     3181.00        0.50
     1     0     2298.00     3175.00        0.50
     1     0     2298.00     3169.00        0.50
     1     0     2298.00     3163.00        0.50
     1     0     2296.00     3157.00        0.50
     1     0     2296.00     3151.00        0.50
     1     0     2296.00     3145.00        0.50
     1     0     2296.00     3139.00        0.50
     1     0     2294.00     3133.00        0.50
     1     0     2294.00     3127.00        0.50
     1     0     2294.00     3121.00        0.50
     1     0     2294.00     3115.00        0.50
     1     0     2294.00     3109.00        0.50
     1     0     2292.00     3103.00        0.50
     1     0     2290.00     3097.00        0.50
     1     0     2288.00     3091.00        0.50
     1     0     2286.00     3085.00        0.50
     1     0     2284.00     3079.00        0.50
     1     0     2282.00     3073.00        0.50
     1     0     2282.00     3067.00        0.50
     1     0     2282.00     3061.00        0.50
     1     0     2282.00     3055.00        0.50
     1     0     2284.00     3049.00        0.50
     1     0     2288.00     3043.00        0.50
     1     0     2284.00     3039.00        0.50
     1     0     2278.00     3037.00        0.50
     1     0     2282.00     3033.00        0.50
     1     0     2286.00     3029.00        0.50
     1     0     2290.00     3025.00        0.50
     1     0     2292.00     3019.00        0.50
     1     0     2298.00     3017.00        0.50
     1     0     2302.00     3013.00        0.50
     1     0     2308.00     3011.00        0.50
     1     0     2314.00     3007.00        0.50
     1     0     2320.00     3005.00        0.50
     1     0     2326.00     3003.00        0.50
     1     0     2330.00     2999.00        0.50
     1     0     2336.00     2997.00        0.50
     1     0     2342.00     2995.00        0.50
     1     0     2348.00     2993.00        0.50
     1     0     2354.00     2991.00        0.50
     1     0     2360.00     2987.00        0.50
     1     0     2366.00     2985.00        0.50
     1     0     2372.00     2983.00        0.50
     1     0     2378.00     2981.00        0.50
     1     0     2384.00     2977.00        0.50
     1     0     2390.00     2975.00        0.50
     1     0     2396.00     2973.00        0.50
     1     0     2404.00     2971.00        0.50
     1     0     2410.00     2967.00        0.50
     1     0     2416.00     2965.00        0.50
     1     0     2422.00     2963.00        0.50
     1     0     2428.00     2959.00        0.50
     1     0     2434.00     2957.00        0.50
     1     0     2440.00     2955.00        0.50
     1     0     2444.00     2951.00        0.50
     1     0     2450.00     2949.00        0.50
     1     0     2456.00     2947.00        0.50
     1     1      430.00     1561.00        0.50
     1     1      422.00     1561.00        0.50
     1     1      416.00     1559.00        0.50
     1     1      412.00     1555.00        0.50
     1     1      410.00     1549.00        0.50
     1     1      406.00     1545.00        0.50
     1     1      404.00     1539.00        0.50
     1     1      398.00     1535.00        0.50
     1     1      392.00     1533.00        0.50
     1     1      386.00     1531.00        0.50
     1     1      380.00     1527.00        0.50
     1     1      374.00     1525.00        0.50
     1     1      370.00     1521.00        0.50
     1     1      366.00     1517.00        0.50
     1     1      364.00     1511.00        0.50
     1     1      362.00     1505.00        0.50
     1     1      362.00     1499.00        0.50
     1     1      362.00     1493.00        0.50
     1     1      366.00     1487.00        0.50
     1     1      368.00     1481.00        0.50
     1     1      372.00     1477.00        0.50
     1     1      374.00     1471.00        0.50
     1     1      374.00     1465.00        0.50
     1     1      378.00     1461.00        0.50
     1     1      380.00     1455.00        0.50
     1     1      384.00     1451.00        0.50
     1     1      388.00     1447.00        0.50
     1     1      394.00     1445.00        0.50
     1     1      398.00     1441.00        0.50
     1     1      404.00     1439.00        0.50
     1     1      410.00     1439.00        0.50
     1     1      416.00     1439.00        0.50
     1     1      422.00     1439.00        0.50
     1     1      428.00     1443.00        0.50
     1     1      434.00     1447.00        0.50
     1     1      438.00     1451.00        0.50
     1     1      442.00     1455.00        0.50
     1     1      446.00     1459.00        0.50
     1     1      450.00     1463.00        0.50
     1     1      454.00     1467.00        0.50
     1     1      456.00     1473.00        0.50
     1     1      460.00     1477.00        0.50
     1     1      462.00     1483.00        0.50
     1     1      464.00     1489.00        0.50
     1     1      466.00     1495.00        0.50
     1     1      466.00     1501.00        0.50
     1     1      468.00     1507.00        0.50
     1     1      468.00     1513.00        0.50
     1     1      470.00     1519.00        0.50
     1     1      468.00     1525.00        0.50
     1     1      468.00     1531.00        0.50
     1     1      466.00     1537.00        0.50
     1     1      464.00     1543.00        0.50
     1     1      462.00     1549.00        0.50
     1     1      456.00     1553.00        0.50
     1     1      450.00     1555.00        0.50
     1     1      446.00     1559.00        0.50
     2     0     1272.00      549.00        0.50
     2     0     1278.00      551.00        0.50
     2     0     1284.00      553.00        0.50
     2     0     1288.00      557.00        0.50
     2     0     1292.00      561.00        0.50
     2     0     1298.00      563.00        0.50
     2     0     1302.00      567.00        0.50
     2     0     1308.00      569.00        0.50
     2     0     1312.00      573.00        0.50
     2     0     1318.00      575.00        0.50
     2     0     1324.00      577.00        0.50
     2     0     1330.00      579.00        0.50
     2     0     1336.00      581.00        0.50
     2     0     1342.00      581.00        0.50
     2     0     1348.00      581.00        0.50
     2     0     1354.00      581.00        0.50
     2     0     1360.00      583.00        0.50
     2     0     1366.00      583.00        0.50
     2     0     1372.00      585.00        0.50
     2     0     1378.00      587.00        0.50
     2     0     1384.00      591.00        0.50
     2     0     1390.00      593.00        0.50
     2     0     1394.00      597.00        0.50
     2     0     1400.00      599.00        0.50
     2     0     1404.00      603.00        0.50
     2     0     1410.00      605.00        0.50
     2     0     1414.00      609.00        0.50
     2     0     1420.00      611.00        0.50
     2     0     1424.00      615.00        0.50
     2     0     1430.00      619.00        0.50
     2     0     1434.00      623.00        0.50
     2     0     1440.00      625.00        0.50
     2     0     1446.00      627.00        0.50
     2     0     1450.00      631.00        0.50
     2     0     1454.00      635.00        0.50
     2     0     1460.00      637.00        0.50
     2     0     1464.00      641.00        0.50
     2     0     1470.00      645.00        0.50
     2     0     1474.00      649.00        0.50
     2     0     1480.00      653.00        0.50
     2     0     1484.00      657.00        0.50
     2     0     1490.00      659.00        0.50
     2     0     1494.00      663.00        0.50
     2     0     1498.00      667.00        0.50
     2     0     1504.00      671.00        0.50
     2     0     1508.00      675.00        0.50
     2     0     1514.00      677.00        0.50
     2     0     1518.00      681.00        0.50
     2     0     1522.00      685.00        0.50
     2     0     1528.00      687.00        0.50
     2     0     1532.00      691.00        0.50
     2     0     1538.00      693.00        0.50
     2     0     1542.00      697.00        0.50
     2     0     1548.00      699.00        0.50
     2     0     1552.00      703.00        0.50
     2     0     1558.00      703.00        0.50
     2     0     1564.00      703.00        0.50
     2     0     1570.00      703.00        0.50
     2     0     1576.00      705.00        0.50
     2     0     1582.00      705.00        0.50
     2     0     1588.00      705.00        0.50
     2     0     1594.00      707.00        0.50
     2     0     1600.00      707.00        0.50
     2     0     1606.00      709.00        0.50
     2     0     1612.00      709.00        0.50
     2     0     1618.00      711.00        0.50
     2     0     1624.00      713.00        0.50
     2     0     1630.00      715.00        0.50
     2     0     1636.00      717.00        0.50
     2     0     1642.00      719.00        0.50
     2     0     1650.00      721.00        0.50
     2     0     1660.00      725.00        0.50
     2     0     1666.00      727.00        0.50
     2     0     1672.00      731.00        0.50
     2     0     1678.00      733.00        0.50
     2     0     1684.00      735.00        0.50
     2     0     1690.00      739.00        0.50
     2     0     1696.00      741.00        0.50
     2     0     1702.00      743.00        0.50
     2     0     1708.00      745.00        0.50
     2     0     1714.00      747.00        0.50
     2     0     1718.00      751.00        0.50
     2     0     1724.00      753.00        0.50
     2     0     1730.00      755.00        0.50
     2     0     1736.00      757.00        0.50
     2     0     1742.00      759.00        0.50
     2     0     1748.00      763.00        0.50
     2     0     1754.00      765.00        0.50
     2     0     1760.00      767.00        0.50
     2     0     1766.00      769.00        0.50
     2     0     1772.00      773.00        0.50
     2     0     1778.00      775.00        0.50
     2     0     1786.00      777.00        0.50
     2     0     1794.00      781.00        0.50
     2     0     1800.00      783.00        0.50
     2     0     1806.00      785.00        0.50
     2     0     1812.00      789.00        0.50
     2     0     1818.00      789.00        0.50
     2     0     1824.00      791.00        0.50
     2     0     1830.00      791.00        0.50
     2     0     1836.00      793.00        0.50
     2     0     1842.00      793.00        0.50
     2     0     1848.00      795.00        0.50
     2     0     1854.00      795.00        0.50
     2     0     1860.00      797.00        0.50
     2     0     1866.00      799.00        0.50
     2     0     1872.00      803.00        0.50
     2     0     1878.00      805.00        0.50
     2     0     1884.00      807.00        0.50
     2     0     1888.00      811.00        0.50
     2     0     1894.00      813.00        0.50
     2     0     1898.00      817.00        0.50
     2     0     1904.00      819.00        0.50
     2     0     1908.00      823.00        0.50
     2     0     1914.00      827.00        0.50
     2     0     1920.00      829.00        0.50
     2     0     1924.00      833.00        0.50
     2     0     1930.00      835.00        0.50
     2     0     1934.00      839.00        0.50
     2     0     1940.00      843.00        0.50
     2     0     1946.00      845.00        0.50
     2     0     1950.00      849.00        0.50
     2     0     1956.00      851.00        0.50
     2     0     1960.00      855.00        0.50
     2     0     1966.00      857.00        0.50
     2     0     1972.00      859.00        0.50
     2     0     1978.00      861.00        0.50
     2     0     1984.00      863.00        0.50
     2     0     1990.00      863.00        0.50
     2     0     1996.00      865.00        0.50
     2     0     2002.00      867.00        0.50
     2     0     2008.00      869.00        0.50
     2     0     2014.00      869.00        0.50
     2     0     2020.00      871.00        0.50
     2     0     2026.00      873.00        0.50
     2     0     2032.00      875.00        0.50
     2     0     2038.00      877.00        0.50
     2     0     2044.00      881.00        0.50
     2     0     2050.00      883.00        0.50
     2     0     2056.00      887.00        0.50
     2     0     2060.00      891.00        0.50
     2     0     2066.00      893.00        0.50
     2     0     2070.00      897.00        0.50
     2     0     2074.00      901.00        0.50
     2     0     2080.00      905.00        0.50
     2     0     2086.00      907.00        0.50
     2     0     2090.00      911.00        0.50
     2     0     2094.00      915.00        0.50
     2     0     2100.00      917.00        0.50
     2     0     2104.00      921.00        0.50
     2     0     2108.00      925.00        0.50
     2     0     2114.00      927.00        0.50
     2     0     2118.00      931.00        0.50
     2     1     3251.00     2506.00        0.50
     2     1     3257.00     2516.00        0.50
     2     1     3261.00     2520.00        0.50
     2     1     3265.00     2524.00        0.50
     2     1     3269.00     2528.00        0.50
     2     1     3273.00     2534.00        0.50
     2     1     3277.00     2538.00        0.50
     2     1     3279.00     2544.00        0.50
     2     1     3283.00     2548.00        0.50
     2     1     3285.00     2554.00        0.50
     2     1     3289.00     2558.00        0.50
     2     1     3291.00     2564.00        0.50
     2     1     3295.00     2568.00        0.50
     2     1     3297.00     2574.00        0.50
     2     1     3301.00     2580.00        0.50
     2     1     3305.00     2586.00        0.50
     2     1     3309.00     2592.00        0.50
     2     1     3311.00     2598.00        0.50
     2     1     3315.00     2602.00        0.50
     2     1     3319.00     2608.00        0.50
     2     1     3323.00     2614.00        0.50
     2     1     3327.00     2618.00        0.50
     2     1     3329.00     2624.00        0.50
     2     1     3333.00     2628.00        0.50
     2     1     3337.00     2634.00        0.50
     2     1     3341.00     2638.00        0.50
     2     1     3345.00     2644.00        0.50
     2     1     3349.00     2650.00        0.50
     2     1     3353.00     2654.00        0.50
     2     1     3357.00     2660.00        0.50
     2     1     3361.00     2664.00        0.50
     2     1     3363.00     2670.00        0.50
     2     1     3367.00     2674.00        0.50
     2     1     3369.00     2680.00        0.50
     2     1     3373.00     2684.00        0.50
     2     1     3377.00     2690.00        0.50
     2     1     3381.00     2696.00        0.50
     2     1     3385.00     2702.00        0.50
     2     1     3389.00     2708.00        0.50
     2     1     3393.00     2712.00        0.50
     2     1     3397.00     2716.00        0.50
     2     1     3401.00     2720.00        0.50
     2     1     3405.00     2724.00        0.50
     2     1     3409.00     2728.00        0.50
     2     1     3413.00     2734.00        0.50
     2     1     3417.00     2738.00        0.50
     2     1     3421.00     2742.00        0.50
     2     1     3425.00     2748.00        0.50
     2     1     3429.00     2752.00        0.50
     2     1     3433.00     2758.00        0.50
     2     1     3437.00     2762.00        0.50
     2     1     3441.00     2766.00        0.50
     2     1     3445.00     2772.00        0.50
     2     1     3449.00     2776.00        0.50
     2     1     3453.00     2780.00        0.50
     2     1     3457.00     2786.00        0.50
     2     1     3461.00     2790.00        0.50
     2     1     3463.00     2796.00        0.50
     2     1     3467.00     2800.00        0.50
     2     1     3471.00     2806.00        0.50
     2     1     3475.00     2812.00        0.50
     2     1     3479.00     2816.00        0.50
     2     1     3483.00     2822.00        0.50
     2     1     3487.00     2826.00        0.50
     2     1     3493.00     2832.00        0.50
     2     1     3497.00     2836.00        0.50
     2     1     3501.00     2840.00        0.50
     2     1     3507.00     2844.00        0.50
     2     1     3511.00     2848.00        0.50
     2     1     3515.00     2852.00        0.50
     2     1     3519.00     2856.00        0.50
     2     1     3525.00     2858.00        0.50
     2     1     3529.00     2862.00        0.50
     2     1     3535.00     2864.00        0.50
     2     1     3539.00     2868.00        0.50
     2     1     3545.00     2870.00        0.50
     2     1     3551.00     2874.00        0.50
     2     1     3557.00     2878.00        0.50
     2     1     3561.00     2882.00        0.50
     2     1     3567.00     2886.00        0.50
     2     1     3571.00     2890.00        0.50
     2     1     3577.00     2892.00        0.50
     2     1     3581.00     2896.00        0.50
     2     1     3585.00     2900.00        0.50
     2     1     3591.00     2904.00        0.50
     2     1     3597.00     2906.00        0.50
     2     1     3601.00     2910.00        0.50
     3     0     3227.00     2522.00        0.50
     3     0     3231.00     2526.00        0.50
     3     0     3235.00     2530.00        0.50
     3     0     3239.00     2534.00        0.50
     3     0     3243.00     2538.00        0.50
     3     0     3245.00     2544.00        0.50
     3     0     3247.00     2550.00        0.50
     3     0     3251.00     2554.00        0.50
     3     0     3253.00     2560.00        0.50
     3     0     3257.00     2566.00        0.50
     3     0     3259.00     2572.00        0.50
     3     0     3263.00     2578.00        0.50
     3     0     3265.00     2584.00        0.50
     3     0     3269.00     2588.00        0.50
     3     0     3271.00     2594.00        0.50
     3     0     3275.00     2598.00        0.50
     3     0     3279.00     2604.00        0.50
     3     0     3281.00     2610.00        0.50
     3     0     3285.00     2614.00        0.50
     3     0     3289.00     2622.00        0.50
     3     0     3293.00     2628.00        0.50
     3     0     3297.00     2636.00        0.50
     3     0     3303.00     2644.00        0.50
     3     0     3309.00     2650.00        0.50
     3     0     3315.00     2658.00        0.50
     3     0     3319.00     2662.00        0.50
     3     0     3323.00     2666.00        0.50
     3     0     3327.00     2672.00        0.50
     3     0     3331.00     2676.00        0.50
     3     0     3335.00     2680.00        0.50
     3     0     3339.00     2684.00        0.50
     3     0     3343.00     2690.00        0.50
     3     0     3347.00     2694.00        0.50
     3     0     3351.00     2698.00        0.50
     3     0     3355.00     2702.00        0.50
     3     0     3359.00     2706.00        0.50
     3     0     3365.00     2712.00        0.50
     3     0     3369.00     2720.00        0.50
     3     0     3375.00     2724.00        0.50
     3     0     3379.00     2730.00        0.50
     3     0     3383.00     2734.00        0.50
     3     0     3387.00     2738.00        0.50
     3     0     3391.00     2742.00        0.50
     3     0     3395.00     2748.00        0.50
     3     0     3399.00     2754.00        0.50
     3     0     3403.00     2758.00        0.50
     3     0     3407.00     2762.00        0.50
     3     0     3411.00     2766.00        0.50
     3     0     3415.00     2770.00        0.50
     3     0     3419.00     2776.00        0.50
     3     0     3423.00     2782.00        0.50
     3     0     3427.00     2786.00        0.50
     3     0     3431.00     2790.00        0.50
     3     0     3435.00     2794.00        0.50
     3     0     3439.00     2798.00        0.50
     3     0     3443.00     2802.00        0.50
     3     0     3447.00     2806.00        0.50
     3     0     3451.00     2810.00        0.50
     3     0     3455.00     2814.00        0.50
     3     0     3459.00     2818.00        0.50
     3     0     3463.00     2824.00        0.50
     3     0     3467.00     2828.00        0.50
     3     0     3471.00     2832.00        0.50
     3     0     3475.00     2836.00        0.50
     3     0     3479.00     2840.00        0.50
     3     0     3483.00     2844.00        0.50
     3     0     3489.00     2848.00        0.50
     3     0     3493.00     2854.00        0.50
     3     0     3499.00     2858.00        0.50
     3     0     3503.00     2864.00        0.50
     3     0     3509.00     2868.00        0.50
     3     0     3513.00     2872.00        0.50
     3     0     3517.00     2876.00        0.50
     3     0     3521.00     2880.00        0.50
     3     0     3525.00     2884.00        0.50
     3     0     3529.00     2888.00        0.50
     3     0     3535.00     2892.00        0.50
     3     0     3539.00     2896.00        0.50
     3     0     3545.00     2898.00        0.50
     3     0     3549.00     2902.00        0.50
     3     0     3555.00     2904.00        0.50
     3     0     3559.00     2908.00        0.50
     3     0     3563.00     2912.00        0.50
     3     0     3569.00     2914.00        0.50
     3     0     3573.00     2918.00        0.50
     3     0     3577.00     2922.00        0.50
     3     0     3583.00     2924.00        0.50
     3     0     3589.00     2928.00        0.50
     3     0     3593.00     2932.00        0.50
     3     0     3597.00     2936.00        0.50
     3     1     1269.00      570.00        0.50
     3     1     1277.00      574.00        0.50
     3     1     1283.00      576.00        0.50
     3     1     1287.00      580.00        0.50
     3     1     1293.00      582.00        0.50
     3     1     1299.00      586.00        0.50
     3     1     1305.00      590.00        0.50
     3     1     1311.00      592.00        0.50
     3     1     1317.00      594.00        0.50
     3     1     1321.00      598.00        0.50
     3     1     1327.00      600.00        0.50
     3     1     1333.00      602.00        0.50
     3     1     1339.00      604.00        0.50
     3     1     1345.00      606.00        0.50
     3     1     1351.00      608.00        0.50
     3     1     1357.00      608.00        0.50
     3     1     1363.00      610.00        0.50
     3     1     1369.00      612.00        0.50
     3     1     1375.00      614.00        0.50
     3     1     1379.00      618.00        0.50
     3     1     1385.00      620.00        0.50
     3     1     1391.00      622.00        0.50
     3     1     1397.00      626.00        0.50
     3     1     1403.00      628.00        0.50
     3     1     1409.00      630.00        0.50
     3     1     1413.00      634.00        0.50
     3     1     1419.00      636.00        0.50
     3     1     1425.00      640.00        0.50
     3     1     1431.00      642.00        0.50
     3     1     1435.00      646.00        0.50
     3     1     1441.00      648.00        0.50
     3     1     1447.00      650.00        0.50
     3     1     1451.00      654.00        0.50
     3     1     1455.00      658.00        0.50
     3     1     1461.00      660.00        0.50
     3     1     1465.00      664.00        0.50
     3     1     1471.00      668.00        0.50
     3     1     1475.00      672.00        0.50
     3     1     1481.00      676.00        0.50
     3     1     1485.00      680.00        0.50
     3     1     1491.00      684.00        0.50
     3     1     1495.00      688.00        0.50
     3     1     1501.00      690.00        0.50
     3     1     1505.00      694.00        0.50
     3     1     1509.00      698.00        0.50
     3     1     1513.00      702.00        0.50
     3     1     1519.00      704.00        0.50
     3     1     1523.00      708.00        0.50
     3     1     1529.00      710.00        0.50
     3     1     1533.00      714.00        0.50
     3     1     1539.00      716.00        0.50
     3     1     1545.00      718.00        0.50
     3     1     1551.00      722.00        0.50
     3     1     1557.00      724.00        0.50
     3     1     1563.00      726.00        0.50
     3     1     1569.00      726.00        0.50
     3     1     1575.00      728.00        0.50
     3     1     1581.00      730.00        0.50
     3     1     1587.00      732.00        0.50
     3     1     1593.00      732.00        0.50
     3     1     1599.00      734.00        0.50
     3     1     1605.00      734.00        0.50
     3     1     1611.00      736.00        0.50
     3     1     1617.00      738.00        0.50
     3     1     1623.00      740.00        0.50
     3     1     1629.00      740.00        0.50
     3     1     1635.00      742.00        0.50
     3     1     1641.00      744.00        0.50
     3     1     1647.00      748.00        0.50
     3     1     1653.00      750.00        0.50
     3     1     1659.00      752.00        0.50
     3     1     1665.00      754.00        0.50
     3     1     1671.00      756.00        0.50
     3     1     1677.00      758.00        0.50
     3     1     1683.00      762.00        0.50
     3     1     1689.00      764.00        0.50
     3     1     1695.00      766.00        0.50
     3     1     1701.00      768.00        0.50
     3     1     1705.00      772.00        0.50
     3     1     1711.00      774.00        0.50
     3     1     1717.00      776.00        0.50
     3     1     1723.00      778.00        0.50
     3     1     1729.00      780.00        0.50
     3     1     1735.00      784.00        0.50
     3     1     1743.00      786.00        0.50
     3     1     1749.00      788.00        0.50
     3     1     1755.00      790.00        0.50
     3     1     1761.00      794.00        0.50
     3     1     1767.00      796.00        0.50
     3     1     1773.00      798.00        0.50
     3     1     1779.00      800.00        0.50
     3     1     1785.00      802.00        0.50
     3     1     1791.00      804.00        0.50
     3     1     1797.00      808.00        0.50
     3     1     1803.00      810.00        0.50
     3     1     1809.00      812.00        0.50
     3     1     1815.00      814.00        0.50
     3     1     1821.00      816.00        0.50
     3     1     1827.00      820.00        0.50
     3     1     1833.00      822.00        0.50
     3     1     1839.00      822.00        0.50
     3     1     1845.00      826.00        0.50
     3     1     1851.00      828.00        0.50
     3     1     1859.00      832.00        0.50
     3     1     1865.00      834.00        0.50
     3     1     1869.00      838.00        0.50
     3     1     1875.00      840.00        0.50
     3     1     1881.00      844.00        0.50
     3     1     1887.00      846.00        0.50
     3     1     1891.00      850.00        0.50
     3     1     1897.00      852.00        0.50
     3     1     1901.00      856.00        0.50
     3     1     1907.00      860.00        0.50
     3     1     1913.00      862.00        0.50
     3     1     1917.00      866.00        0.50
     3     1     1923.00      868.00        0.50
     3     1     1929.00      870.00        0.50
     3     1     1935.00      872.00        0.50
     3     1     1941.00      876.00        0.50
     3     1     1947.00      878.00        0.50
     3     1     1953.00      882.00        0.50
     3     1     1961.00      884.00        0.50
     3     1     1967.00      888.00        0.50
     3     1     1975.00      890.00        0.50
     3     1     1983.00      892.00        0.50
     3     1     1989.00      894.00        0.50
     3     1     1995.00      896.00        0.50
     3     1     2001.00      898.00        0.50
     3     1     2007.00      900.00        0.50
     3     1     2013.00      902.00        0.50
     3     1     2019.00      904.00        0.50
     3     1     2025.00      904.00        0.50
     3     1     2031.00      906.00        0.50
     3     1     2037.00      908.00        0.50
     3     1     2043.00      908.00        0.50
     3     1     2049.00      910.00        0.50
     3     1     2055.00      912.00        0.50
     3     1     2059.00      916.00        0.50
     3     1     2065.00      918.00        0.50
     3     1     2069.00      922.00        0.50
     3     1     2075.00      926.00        0.50
     3     1     2081.00      928.00        0.50
     3     1     2085.00      932.00        0.50
     3     1     2089.00      936.00        0.50
     3     1     2095.00      940.00        0.50
