     0     0     2320.00     2214.00        0.50
     0     0     2308.00     2210.00        0.50
     0     0     2296.00     2206.00        0.50
     0     0     2288.00     2198.00        0.50
     0     0     2280.00     2190.00        0.50
     0     0     2272.00     2182.00        0.50
     0     0     2268.00     2170.00        0.50
     0     0     2264.00     2158.00        0.50
     0     0     2256.00     2150.00        0.50
     0     0     2252.00     2138.00        0.50
     0     0     2248.00     2126.00        0.50
     0     0     2244.00     2114.00        0.50
     0     0     2240.00     2102.00        0.50
     0     0     2236.00     2090.00        0.50
     0     0     2232.00     2078.00        0.50
     0     0     2228.00     2066.00        0.50
     0     0     2228.00     2054.00        0.50
     0     0     2224.00     2042.00        0.50
     0     0     2224.00     2030.00        0.50
     0     0     2220.00     2018.00        0.50
     0     0     2220.00     2006.00        0.50
     0     0     2220.00     1994.00        0.50
     0     0     2220.00     1982.00        0.50
     0     0     2220.00     1970.00        0.50
     0     0     2220.00     1958.00        0.50
     0     0     2224.00     1946.00        0.50
     0     0     2224.00     1934.00        0.50
     0     0     2232.00     1922.00        0.50
     0     0     2240.00     1914.00        0.50
     0     0     2244.00     1902.00        0.50
     0     0     2252.00     1894.00        0.50
     0     0     2264.00     1890.00        0.50
     0     0     2276.00     1886.00        0.50
     0     0     2288.00     1886.00        0.50
     0     0     2300.00     1886.00        0.50
     0     0     2312.00     1890.00        0.50
     0     0     2324.00     1894.00        0.50
     0     0     2336.00     1902.00        0.50
     0     0     2348.00     1906.00        0.50
     0     0     2356.00     1914.00        0.50
     0     0     2368.00     1918.00        0.50
     0     0     2380.00     1926.00        0.50
     0     0     2392.00     1930.00        0.50
     0     0     2400.00     1938.00        0.50
     0     0     2412.00     1942.00        0.50
     0     0     2420.00     1950.00        0.50
     0     0     2432.00     1958.00        0.50
     0     0     2440.00     1966.00        0.50
     0     0     2448.00     1974.00        0.50
     0     0     2460.00     1978.00        0.50
     0     0     2464.00     1990.00        0.50
     0     0     2472.00     1998.00        0.50
     0     0     2476.00     2010.00        0.50
     0     0     2484.00     2018.00        0.50
     0     0     2488.00     2030.00        0.50
     0     0     2496.00     2038.00        0.50
     0     0     2500.00     2050.00        0.50
     0     0     2500.00     2062.00        0.50
     0     0     2504.00     2074.00        0.50
     0     0     2508.00     2086.00        0.50
     0     0     2508.00     2098.00        0.50
     0     0     2508.00     2110.00        0.50
     0     0     2504.00     2122.00        0.50
     0     0     2500.00     2134.00        0.50
     0     0     2500.00     2146.00        0.50
     0     0     2492.00     2158.00        0.50
     0     0     2488.00     2170.00        0.50
     0     0     2480.00     2178.00        0.50
     0     0     2476.00     2190.00        0.50
     0     0     2468.00     2198.00        0.50
     0     0     2460.00     2206.00        0.50
     0     0     2452.00     2214.00        0.50
     0     0     2444.00     2222.00        0.50
     0     0     2432.00     2226.00        0.50
     0     0     2424.00     2234.00        0.50
     0     0     2412.00     2238.00        0.50
     0     0     2400.00     2242.00        0.50
     0     0     2388.00     2242.00        0.50
     0     0     2376.00     2242.00        0.50
     0     0     2364.00     2238.00        0.50
     0     0     2356.00     2230.00        0.50
     0     0     2344.00     2226.00        0.50
     0     1      988.00     2358.00        0.50
     0     1      984.00     2370.00        0.50
     0     1      976.00     2378.00        0.50
     0     1      968.00     2386.00        0.50
     0     1      964.00     2398.00        0.50
     0     1      956.00     2406.00        0.50
     0     1      956.00     2418.00        0.50
     0     1      948.00     2426.00        0.50
     0     1      944.00     2438.00        0.50
     0     1      940.00     2450.00        0.50
     0     1      932.00     2458.00        0.50
     0     1      928.00     2470.00        0.50
     0     1      924.00     2482.00        0.50
     0     1      916.00     2494.00        0.50
     0     1      916.00     2506.00        0.50
     0     1      908.00     2518.00        0.50
     0     1      908.00     2530.00        0.50
     0     1      908.00     2542.00        0.50
     0     1      908.00     2554.00        0.50
     0     1      908.00     2566.00        0.50
     0     1      908.00     2578.00        0.50
     0     1      908.00     2590.00        0.50
     0     1      908.00     2602.00        0.50
     0     1      908.00     2614.00        0.50
     0     1      912.00     2626.00        0.50
     0     1      920.00     2634.00        0.50
     0     1      924.00     2646.00        0.50
     0     1      932.00     2658.00        0.50
     0     1      940.00     2666.00        0.50
     0     1      940.00     2678.00        0.50
     0     1      952.00     2682.00        0.50
     0     1      960.00     2690.00        0.50
     0     1      972.00     2690.00        0.50
     0     1      984.00     2690.00        0.50
     0     1      996.00     2694.00        0.50
     0     1     1008.00     2694.00        0.50
     0     1     1020.00     2694.00        0.50
     0     1     1032.00     2694.00        0.50
     0     1     1044.00     2694.00        0.50
     0     1     1056.00     2690.00        0.50
     0     1     1068.00     2686.00        0.50
     0     1     1076.00     2678.00        0.50
     0     1     1088.00     2674.00        0.50
     0     1     1096.00     2666.00        0.50
     0     1     1108.00     2662.00        0.50
     0     1     1116.00     2654.00        0.50
     0     1     1124.00     2646.00        0.50
     0     1     1132.00     2638.00        0.50
     0     1     1140.00     2630.00        0.50
     0     1     1144.00     2618.00        0.50
     0     1     1152.00     2610.00        0.50
     0     1     1156.00     2598.00        0.50
     0     1     1164.00     2590.00        0.50
     0     1     1168.00     2578.00        0.50
     0     1     1172.00     2566.00        0.50
     0     1     1180.00     2558.00        0.50
     0     1     1180.00     2546.00        0.50
     0     1     1188.00     2538.00        0.50
     0     1     1192.00     2526.00        0.50
     0     1     1200.00     2518.00        0.50
     0     1     1208.00     2506.00        0.50
     1     0     1156.00     2522.00        0.50
     1     0     1152.00     2534.00        0.50
     1     0     1148.00     2546.00        0.50
     1     0     1140.00     2554.00        0.50
     1     0     1136.00     2566.00        0.50
     1     0     1128.00     2574.00        0.50
     1     0     1124.00     2586.00        0.50
     1     0     1116.00     2594.00        0.50
     1     0     1112.00     2606.00        0.50
     1     0     1104.00     2614.00        0.50
     1     0     1100.00     2626.00        0.50
     1     0     1092.00     2634.00        0.50
     1     0     1084.00     2642.00        0.50
     1     0     1076.00     2650.00        0.50
     1     0     1064.00     2658.00        0.50
     1     0     1052.00     2662.00        0.50
     1     0     1040.00     2666.00        0.50
     1     0     1028.00     2666.00        0.50
     1     0     1016.00     2666.00        0.50
     1     0     1004.00     2666.00        0.50
     1     0      996.00     2658.00        0.50
     1     0      984.00     2654.00        0.50
     1     0      972.00     2650.00        0.50
     1     0      964.00     2642.00        0.50
     1     0      956.00     2634.00        0.50
     1     0      948.00     2626.00        0.50
     1     0      940.00     2618.00        0.50
     1     0      940.00     2606.00        0.50
     1     0      932.00     2598.00        0.50
     1     0      932.00     2586.00        0.50
     1     0      932.00     2574.00        0.50
     1     0      932.00     2562.00        0.50
     1     0      936.00     2550.00        0.50
     1     0      940.00     2538.00        0.50
     1     0      948.00     2530.00        0.50
     1     0      952.00     2518.00        0.50
     1     0      956.00     2506.00        0.50
     1     0      960.00     2494.00        0.50
     1     0      964.00     2482.00        0.50
     1     0      968.00     2470.00        0.50
     1     0      972.00     2458.00        0.50
     1     0      976.00     2446.00        0.50
     1     0      976.00     2434.00        0.50
     1     0      984.00     2426.00        0.50
     1     0      988.00     2414.00        0.50
     1     0      996.00     2406.00        0.50
     1     0     1000.00     2394.00        0.50
     1     0     1008.00     2386.00        0.50
     1     0     1016.00     2378.00        0.50
     1     0     1028.00     2374.00        0.50
     2     0     2604.00     1506.00        0.50
     2     0     2608.00     1494.00        0.50
     2     0     2616.00     1486.00        0.50
     2     0     2620.00     1474.00        0.50
     2     0     2628.00     1466.00        0.50
     2     0     2636.00     1458.00        0.50
     2     0     2644.00     1450.00        0.50
     2     0     2648.00     1438.00        0.50
     2     0     2656.00     1430.00        0.50
     2     0     2664.00     1422.00        0.50
     2     0     2672.00     1414.00        0.50
     2     0     2680.00     1402.00        0.50
     2     0     2688.00     1390.00        0.50
     2     0     2696.00     1382.00        0.50
     2     0     2700.00     1370.00        0.50
     2     0     2708.00     1362.00        0.50
     2     0     2716.00     1354.00        0.50
     2     0     2724.00     1342.00        0.50
     2     0     2732.00     1334.00        0.50
     2     0     2740.00     1326.00        0.50
     2     0     2744.00     1314.00        0.50
     2     0     2752.00     1306.00        0.50
     2     0     2760.00     1298.00        0.50
     2     0     2768.00     1290.00        0.50
     2     0     2776.00     1282.00        0.50
     2     0     2784.00     1274.00        0.50
     2     0     2792.00     1266.00        0.50
     2     0     2804.00     1262.00        0.50
     2     0     2816.00     1254.00        0.50
     2     0     2828.00     1250.00        0.50
     2     0     2836.00     1242.00        0.50
     2     0     2848.00     1238.00        0.50
     2     0     2860.00     1234.00        0.50
     2     0     2872.00     1230.00        0.50
     2     0     2884.00     1226.00        0.50
     2     0     2896.00     1222.00        0.50
     2     1      980.00     2258.00        0.50
     2     1      972.00     2238.00        0.50
     2     1      968.00     2226.00        0.50
     2     1      960.00     2218.00        0.50
     2     1      960.00     2206.00        0.50
     2     1      956.00     2194.00        0.50
     2     1      952.00     2182.00        0.50
     2     1      952.00     2170.00        0.50
     2     1      948.00     2158.00        0.50
     2     1      944.00     2146.00        0.50
     2     1      940.00     2134.00        0.50
     2     1      936.00     2122.00        0.50
     2     1      928.00     2110.00        0.50
     2     1      924.00     2098.00        0.50
     2     1      916.00     2086.00        0.50
     2     1      912.00     2074.00        0.50
     2     1      904.00     2066.00        0.50
     2     1      896.00     2054.00        0.50
     2     1      888.00     2042.00        0.50
     2     1      884.00     2030.00        0.50
     2     1      876.00     2022.00        0.50
     2     1      872.00     2010.00        0.50
     2     1      864.00     2002.00        0.50
     2     1      856.00     1994.00        0.50
     2     1      852.00     1982.00        0.50
     2     1      844.00     1974.00        0.50
     2     1      836.00     1966.00        0.50
     2     1      828.00     1958.00        0.50
     2     1      820.00     1950.00        0.50
     2     1      808.00     1946.00        0.50
     2     1      800.00     1938.00        0.50
     2     1      792.00     1930.00        0.50
     2     1      784.00     1922.00        0.50
     2     1      780.00     1910.00        0.50
     2     1      772.00     1902.00        0.50
     2     1      764.00     1894.00        0.50
     2     1      756.00     1886.00        0.50
     2     1      748.00     1874.00        0.50
     2     1      740.00     1866.00        0.50
     2     1      732.00     1858.00        0.50
     2     1      720.00     1854.00        0.50
     2     1      712.00     1846.00        0.50
     2     1      700.00     1842.00        0.50
     2     1      692.00     1834.00        0.50
     2     1      680.00     1830.00        0.50
     2     1      672.00     1822.00        0.50
     2     1      660.00     1818.00        0.50
     2     1      652.00     1810.00        0.50
     2     1      648.00     1798.00        0.50
     2     1      640.00     1790.00        0.50
     2     1      632.00     1782.00        0.50
     2     1      624.00     1774.00        0.50
     2     1      616.00     1766.00        0.50
     2     1      608.00     1758.00        0.50
     2     1      600.00     1750.00        0.50
     2     1      588.00     1742.00        0.50
     2     1      576.00     1738.00        0.50
     2     1      568.00     1730.00        0.50
     2     1      560.00     1722.00        0.50
     2     1      552.00     1714.00        0.50
     2     1      544.00     1706.00        0.50
     2     1      536.00     1698.00        0.50
     2     1      532.00     1686.00        0.50
     2     1      524.00     1674.00        0.50
     2     1      516.00     1666.00        0.50
     2     1      508.00     1654.00        0.50
     2     1      500.00     1646.00        0.50
     2     1      496.00     1634.00        0.50
     2     1      488.00     1626.00        0.50
     2     1      480.00     1618.00        0.50
     2     1      472.00     1606.00        0.50
     2     1      464.00     1598.00        0.50
     2     1      456.00     1590.00        0.50
     2     1      444.00     1582.00        0.50
     2     1      432.00     1578.00        0.50
     2     1      424.00     1570.00        0.50
     2     1      416.00     1558.00        0.50
     2     1      408.00     1550.00        0.50
     2     1      400.00     1542.00        0.50
     2     1      396.00     1530.00        0.50
     2     1      392.00     1518.00        0.50
     2     1      384.00     1510.00        0.50
     2     1      380.00     1498.00        0.50
     2     1      380.00     1486.00        0.50
     2     1      376.00     1474.00        0.50
     2     1      372.00     1462.00        0.50
     2     1      364.00     1454.00        0.50
     2     1      364.00     1442.00        0.50
     2     1      364.00     1430.00        0.50
     2     1      356.00     1418.00        0.50
     2     1      352.00     1406.00        0.50
     2     1      344.00     1394.00        0.50
     2     1      340.00     1382.00        0.50
     2     1      336.00     1370.00        0.50
     2     1      328.00     1362.00        0.50
     2     1      324.00     1350.00        0.50
     2     1      316.00     1338.00        0.50
     2     1      312.00     1326.00        0.50
     2     1      308.00     1314.00        0.50
     2     1      304.00     1302.00        0.50
     2     1      300.00     1290.00        0.50
     2     1      292.00     1278.00        0.50
     2     1      288.00     1266.00        0.50
     2     1      280.00     1254.00        0.50
     2     1      276.00     1242.00        0.50
     2     1      272.00     1230.00        0.50
     2     1      264.00     1222.00        0.50
     2     1      260.00     1210.00        0.50
     2     1      256.00     1198.00        0.50
     2     2     1492.00     3374.00        0.50
     2     2     1484.00     3366.00        0.50
     2     2     1480.00     3354.00        0.50
     2     2     1472.00     3346.00        0.50
     2     2     1464.00     3338.00        0.50
     2     2     1456.00     3330.00        0.50
     2     2     1448.00     3322.00        0.50
     2     2     1440.00     3314.00        0.50
     2     2     1432.00     3306.00        0.50
     2     2     1420.00     3298.00        0.50
     2     2     1416.00     3286.00        0.50
     2     2     1408.00     3278.00        0.50
     2     2     1400.00     3270.00        0.50
     2     2     1396.00     3258.00        0.50
     2     2     1388.00     3250.00        0.50
     2     2     1380.00     3242.00        0.50
     2     2     1376.00     3230.00        0.50
     2     2     1364.00     3226.00        0.50
     2     2     1356.00     3218.00        0.50
     2     2     1348.00     3210.00        0.50
     2     3     1140.00     3914.00        0.50
     2     3     1124.00     3906.00        0.50
     2     3     1116.00     3898.00        0.50
     2     3     1112.00     3886.00        0.50
     2     3     1108.00     3874.00        0.50
     2     3     1108.00     3862.00        0.50
     2     3     1108.00     3850.00        0.50
     2     3     1108.00     3838.00        0.50
     2     3     1108.00     3826.00        0.50
     2     3     1108.00     3814.00        0.50
     2     3     1108.00     3802.00        0.50
     2     3     1108.00     3790.00        0.50
     2     3     1108.00     3778.00        0.50
     2     3     1100.00     3770.00        0.50
     2     3     1096.00     3758.00        0.50
     2     3     1092.00     3746.00        0.50
     2     3     1084.00     3738.00        0.50
     2     3     1076.00     3730.00        0.50
     2     3     1072.00     3718.00        0.50
     2     3     1064.00     3710.00        0.50
     2     3     1056.00     3702.00        0.50
     2     3     1052.00     3690.00        0.50
     2     3     1048.00     3678.00        0.50
     2     3     1040.00     3670.00        0.50
     2     3     1036.00     3658.00        0.50
     2     3     1036.00     3646.00        0.50
     2     3     1036.00     3634.00        0.50
     2     3     1036.00     3622.00        0.50
     2     3     1036.00     3610.00        0.50
     2     3     1032.00     3598.00        0.50
     2     3     1032.00     3586.00        0.50
     2     3     1024.00     3574.00        0.50
     2     3     1020.00     3562.00        0.50
     2     3     1016.00     3550.00        0.50
     2     3     1008.00     3542.00        0.50
     2     3     1000.00     3534.00        0.50
     2     3      996.00     3522.00        0.50
     2     3      992.00     3510.00        0.50
     2     3      984.00     3498.00        0.50
     2     3      980.00     3486.00        0.50
     2     3      976.00     3474.00        0.50
     2     3      972.00     3462.00        0.50
     2     3      972.00     3450.00        0.50
     2     3      972.00     3438.00        0.50
     2     3      976.00     3426.00        0.50
     2     3      980.00     3414.00        0.50
     2     3      984.00     3402.00        0.50
     2     3      984.00     3390.00        0.50
     2     3      988.00     3378.00        0.50
     2     3      992.00     3366.00        0.50
     2     4     2552.00     1514.00        0.50
     2     4     2552.00     1526.00        0.50
     2     4     2548.00     1538.00        0.50
     2     4     2540.00     1546.00        0.50
     2     4     2532.00     1554.00        0.50
     2     4     2528.00     1566.00        0.50
     2     4     2520.00     1574.00        0.50
     2     4     2512.00     1582.00        0.50
     2     4     2504.00     1590.00        0.50
     2     4     2492.00     1594.00        0.50
     2     4     2484.00     1602.00        0.50
     2     4     2476.00     1610.00        0.50
     2     4     2468.00     1618.00        0.50
     2     4     2460.00     1626.00        0.50
     2     4     2452.00     1634.00        0.50
     2     4     2448.00     1646.00        0.50
     2     4     2444.00     1658.00        0.50
     2     4     2436.00     1666.00        0.50
     2     4     2428.00     1674.00        0.50
     2     4     2420.00     1682.00        0.50
     2     4     2412.00     1690.00        0.50
     2     4     2404.00     1698.00        0.50
     2     4     2396.00     1706.00        0.50
     2     4     2388.00     1714.00        0.50
     2     4     2380.00     1722.00        0.50
     2     4     2372.00     1730.00        0.50
     2     4     2364.00     1738.00        0.50
     2     4     2356.00     1746.00        0.50
     2     4     2344.00     1750.00        0.50
     2     4     2336.00     1758.00        0.50
     2     4     2328.00     1766.00        0.50
     2     4     2316.00     1770.00        0.50
     2     4     2304.00     1778.00        0.50
     2     5     1924.00     1490.00        0.50
     2     5     1928.00     1478.00        0.50
     2     5     1932.00     1466.00        0.50
     2     5     1940.00     1458.00        0.50
     2     5     1948.00     1450.00        0.50
     2     5     1960.00     1446.00        0.50
     2     5     1968.00     1438.00        0.50
     2     5     1976.00     1430.00        0.50
     2     5     1984.00     1422.00        0.50
     2     5     1992.00     1414.00        0.50
     2     5     2000.00     1406.00        0.50
     2     5     2008.00     1398.00        0.50
     2     5     2016.00     1390.00        0.50
     2     5     2024.00     1382.00        0.50
     2     5     2028.00     1370.00        0.50
     2     5     2036.00     1362.00        0.50
     2     5     2040.00     1350.00        0.50
     2     5     2044.00     1338.00        0.50
     2     5     2048.00     1326.00        0.50
     2     5     2056.00     1318.00        0.50
     2     5     2064.00     1306.00        0.50
     2     5     2072.00     1298.00        0.50
     2     5     2080.00     1290.00        0.50
     2     5     2088.00     1282.00        0.50
     2     5     2100.00     1274.00        0.50
     2     5     2112.00     1270.00        0.50
     2     5     2120.00     1262.00        0.50
     2     5     2132.00     1258.00        0.50
     2     5     2140.00     1250.00        0.50
     2     5     2152.00     1246.00        0.50
     2     5     2160.00     1238.00        0.50
     2     5     2168.00     1230.00        0.50
     2     5     2180.00     1226.00        0.50
     2     5     2188.00     1214.00        0.50
     2     5     2196.00     1206.00        0.50
     2     5     2204.00     1194.00        0.50
     2     5     2212.00     1186.00        0.50
     2     5     2220.00     1178.00        0.50
     2     5     2228.00     1170.00        0.50
     2     5     2236.00     1162.00        0.50
     2     5     2248.00     1154.00        0.50
     2     5     2256.00     1146.00        0.50
     2     5     2264.00     1138.00        0.50
     2     5     2276.00     1130.00        0.50
     3     0     2644.00     1498.00        0.50
     3     0     2652.00     1490.00        0.50
     3     0     2660.00     1482.00        0.50
     3     0     2668.00     1470.00        0.50
     3     0     2676.00     1462.00        0.50
     3     0     2684.00     1450.00        0.50
     3     0     2688.00     1438.00        0.50
     3     0     2696.00     1430.00        0.50
     3     0     2704.00     1422.00        0.50
     3     0     2712.00     1414.00        0.50
     3     0     2720.00     1406.00        0.50
     3     0     2724.00     1394.00        0.50
     3     0     2732.00     1386.00        0.50
     3     0     2740.00     1378.00        0.50
     3     0     2748.00     1370.00        0.50
     3     0     2756.00     1362.00        0.50
     3     0     2764.00     1354.00        0.50
     3     0     2772.00     1346.00        0.50
     3     0     2784.00     1338.00        0.50
     3     0     2796.00     1330.00        0.50
     3     0     2808.00     1326.00        0.50
     3     0     2816.00     1318.00        0.50
     3     0     2824.00     1310.00        0.50
     3     0     2836.00     1306.00        0.50
     3     0     2844.00     1298.00        0.50
     3     0     2856.00     1290.00        0.50
     3     0     2864.00     1282.00        0.50
     3     0     2872.00     1274.00        0.50
     3     0     2884.00     1270.00        0.50
     3     0     2892.00     1262.00        0.50
     3     0     2900.00     1254.00        0.50
     3     0     2912.00     1250.00        0.50
     3     1     2304.00     1742.00        0.50
     3     1     2320.00     1726.00        0.50
     3     1     2328.00     1718.00        0.50
     3     1     2336.00     1710.00        0.50
     3     1     2344.00     1702.00        0.50
     3     1     2352.00     1694.00        0.50
     3     1     2360.00     1686.00        0.50
     3     1     2368.00     1678.00        0.50
     3     1     2376.00     1670.00        0.50
     3     1     2384.00     1662.00        0.50
     3     1     2388.00     1650.00        0.50
     3     1     2396.00     1642.00        0.50
     3     1     2404.00     1634.00        0.50
     3     1     2412.00     1626.00        0.50
     3     1     2420.00     1618.00        0.50
     3     1     2428.00     1606.00        0.50
     3     1     2436.00     1598.00        0.50
     3     1     2444.00     1590.00        0.50
     3     1     2452.00     1582.00        0.50
     3     1     2460.00     1574.00        0.50
     3     1     2468.00     1566.00        0.50
     3     1     2476.00     1558.00        0.50
     3     1     2484.00     1546.00        0.50
     3     1     2492.00     1538.00        0.50
     3     1     2500.00     1530.00        0.50
     3     1     2508.00     1522.00        0.50
     3     1     2516.00     1514.00        0.50
     3     1     2520.00     1502.00        0.50
     3     2     1960.00     1518.00        0.50
     3     2     1980.00     1506.00        0.50
     3     2     1992.00     1498.00        0.50
     3     2     2000.00     1490.00        0.50
     3     2     2008.00     1482.00        0.50
     3     2     2016.00     1474.00        0.50
     3     2     2028.00     1466.00        0.50
     3     2     2036.00     1458.00        0.50
     3     2     2048.00     1450.00        0.50
     3     2     2056.00     1442.00        0.50
     3     2     2064.00     1434.00        0.50
     3     2     2072.00     1422.00        0.50
     3     2     2080.00     1414.00        0.50
     3     2     2084.00     1402.00        0.50
     3     2     2092.00     1394.00        0.50
     3     2     2096.00     1382.00        0.50
     3     2     2100.00     1370.00        0.50
     3     2     2108.00     1362.00        0.50
     3     2     2112.00     1350.00        0.50
     3     2     2120.00     1342.00        0.50
     3     2     2124.00     1330.00        0.50
     3     2     2132.00     1322.00        0.50
     3     2     2140.00     1314.00        0.50
     3     2     2148.00     1302.00        0.50
     3     2     2156.00     1290.00        0.50
     3     2     2164.00     1282.00        0.50
     3     2     2172.00     1274.00        0.50
     3     2     2184.00     1270.00        0.50
     3     2     2192.00     1262.00        0.50
     3     2     2200.00     1254.00        0.50
     3     2     2208.00     1246.00        0.50
     3     2     2220.00     1242.00        0.50
     3     2     2228.00     1234.00        0.50
     3     2     2236.00     1226.00        0.50
     3     2     2248.00     1218.00        0.50
     3     2     2260.00     1210.00        0.50
     3     2     2272.00     1202.00        0.50
     3     2     2280.00     1194.00        0.50
     3     2     2292.00     1190.00        0.50
     3     3     1472.00     3418.00        0.50
     3     3     1456.00     3402.00        0.50
     3     3     1452.00     3390.00        0.50
     3     3     1448.00     3378.00        0.50
     3     3     1440.00     3370.00        0.50
     3     3     1436.00     3358.00        0.50
     3     3     1428.00     3350.00        0.50
     3     3     1420.00     3338.00        0.50
     3     3     1416.00     3326.00        0.50
     3     3     1408.00     3318.00        0.50
     3     3     1396.00     3314.00        0.50
     3     3     1388.00     3306.00        0.50
     3     3     1380.00     3294.00        0.50
     3     3     1368.00     3290.00        0.50
     3     3     1364.00     3278.00        0.50
     3     3     1352.00     3270.00        0.50
     3     3     1344.00     3262.00        0.50
     3     3     1336.00     3254.00        0.50
     3     3     1328.00     3246.00        0.50
     3     3     1324.00     3234.00        0.50
     3     4     1172.00     3898.00        0.50
     3     4     1164.00     3878.00        0.50
     3     4     1160.00     3866.00        0.50
     3     4     1152.00     3858.00        0.50
     3     4     1148.00     3846.00        0.50
     3     4     1144.00     3834.00        0.50
     3     4     1140.00     3822.00        0.50
     3     4     1136.00     3810.00        0.50
     3     4     1136.00     3798.00        0.50
     3     4     1140.00     3786.00        0.50
     3     4     1140.00     3774.00        0.50
     3     4     1140.00     3762.00        0.50
     3     4     1136.00     3750.00        0.50
     3     4     1132.00     3738.00        0.50
     3     4     1124.00     3730.00        0.50
     3     4     1116.00     3722.00        0.50
     3     4     1112.00     3710.00        0.50
     3     4     1104.00     3702.00        0.50
     3     4     1096.00     3694.00        0.50
     3     4     1084.00     3686.00        0.50
     3     4     1076.00     3678.00        0.50
     3     4     1068.00     3670.00        0.50
     3     4     1064.00     3658.00        0.50
     3     4     1056.00     3650.00        0.50
     3     4     1052.00     3638.00        0.50
     3     4     1048.00     3626.00        0.50
     3     4     1044.00     3614.00        0.50
     3     4     1044.00     3602.00        0.50
     3     4     1040.00     3590.00        0.50
     3     4     1040.00     3578.00        0.50
     3     4     1040.00     3566.00        0.50
     3     4     1036.00     3554.00        0.50
     3     4     1036.00     3542.00        0.50
     3     4     1028.00     3534.00        0.50
     3     4     1024.00     3522.00        0.50
     3     4     1020.00     3510.00        0.50
     3     4     1012.00     3502.00        0.50
     3     4     1012.00     3490.00        0.50
     3     4     1008.00     3478.00        0.50
     3     4     1004.00     3466.00        0.50
     3     4     1004.00     3454.00        0.50
     3     4     1000.00     3442.00        0.50
     3     4     1000.00     3430.00        0.50
     3     4     1000.00     3418.00        0.50
     3     4     1000.00     3406.00        0.50
     3     4     1000.00     3394.00        0.50
     3     5     1012.00     2254.00        0.50
     3     5     1008.00     2242.00        0.50
     3     5     1004.00     2230.00        0.50
     3     5     1004.00     2218.00        0.50
     3     5     1000.00     2206.00        0.50
     3     5      996.00     2194.00        0.50
     3     5      992.00     2182.00        0.50
     3     5      988.00     2170.00        0.50
     3     5      984.00     2158.00        0.50
     3     5      980.00     2146.00        0.50
     3     5      972.00     2138.00        0.50
     3     5      968.00     2126.00        0.50
     3     5      964.00     2114.00        0.50
     3     5      956.00     2102.00        0.50
     3     5      952.00     2090.00        0.50
     3     5      948.00     2078.00        0.50
     3     5      940.00     2070.00        0.50
     3     5      936.00     2058.00        0.50
     3     5      932.00     2046.00        0.50
     3     5      924.00     2038.00        0.50
     3     5      920.00     2026.00        0.50
     3     5      912.00     2018.00        0.50
     3     5      908.00     2006.00        0.50
     3     5      900.00     1998.00        0.50
     3     5      896.00     1986.00        0.50
     3     5      888.00     1974.00        0.50
     3     5      884.00     1962.00        0.50
     3     5      876.00     1954.00        0.50
     3     5      868.00     1942.00        0.50
     3     5      860.00     1934.00        0.50
     3     5      852.00     1926.00        0.50
     3     5      844.00     1918.00        0.50
     3     5      836.00     1910.00        0.50
     3     5      828.00     1902.00        0.50
     3     5      820.00     1894.00        0.50
     3     5      808.00     1890.00        0.50
     3     5      800.00     1882.00        0.50
     3     5      792.00     1874.00        0.50
     3     5      784.00     1862.00        0.50
     3     5      780.00     1850.00        0.50
     3     5      772.00     1842.00        0.50
     3     5      768.00     1830.00        0.50
     3     5      760.00     1822.00        0.50
     3     5      756.00     1810.00        0.50
     3     5      748.00     1802.00        0.50
     3     5      740.00     1794.00        0.50
     3     5      732.00     1786.00        0.50
     3     5      724.00     1778.00        0.50
     3     5      712.00     1774.00        0.50
     3     5      700.00     1770.00        0.50
     3     5      692.00     1762.00        0.50
     3     5      680.00     1758.00        0.50
     3     5      668.00     1754.00        0.50
     3     5      656.00     1746.00        0.50
     3     5      644.00     1742.00        0.50
     3     5      636.00     1734.00        0.50
     3     5      624.00     1730.00        0.50
     3     5      612.00     1722.00        0.50
     3     5      600.00     1718.00        0.50
     3     5      592.00     1710.00        0.50
     3     5      580.00     1706.00        0.50
     3     5      572.00     1698.00        0.50
     3     5      560.00     1694.00        0.50
     3     5      552.00     1686.00        0.50
     3     5      540.00     1682.00        0.50
     3     5      532.00     1674.00        0.50
     3     5      524.00     1666.00        0.50
     3     5      516.00     1658.00        0.50
     3     5      512.00     1646.00        0.50
     3     5      504.00     1638.00        0.50
     3     5      496.00     1630.00        0.50
     3     5      492.00     1618.00        0.50
     3     5      488.00     1606.00        0.50
     3     5      488.00     1594.00        0.50
     3     5      480.00     1582.00        0.50
     3     5      476.00     1570.00        0.50
     3     5      468.00     1562.00        0.50
     3     5      464.00     1550.00        0.50
     3     5      460.00     1538.00        0.50
     3     5      452.00     1530.00        0.50
     3     5      444.00     1518.00        0.50
     3     5      436.00     1510.00        0.50
     3     5      436.00     1498.00        0.50
     3     5      428.00     1490.00        0.50
     3     5      424.00     1478.00        0.50
     3     5      416.00     1470.00        0.50
     3     5      412.00     1458.00        0.50
     3     5      408.00     1446.00        0.50
     3     5      400.00     1438.00        0.50
     3     5      396.00     1426.00        0.50
     3     5      392.00     1414.00        0.50
     3     5      384.00     1406.00        0.50
     3     5      380.00     1394.00        0.50
     3     5      372.00     1382.00        0.50
     3     5      364.00     1374.00        0.50
     3     5      360.00     1362.00        0.50
     3     5      352.00     1350.00        0.50
     3     5      348.00     1338.00        0.50
     3     5      340.00     1326.00        0.50
     3     5      332.00     1318.00        0.50
     3     5      328.00     1306.00        0.50
     3     5      320.00     1294.00        0.50
     3     5      316.00     1282.00        0.50
     3     5      308.00     1270.00        0.50
     3     5      300.00     1262.00        0.50
     3     5      296.00     1250.00        0.50
     3     5      284.00     1242.00        0.50
     3     5      276.00     1226.00        0.50
     3     5      272.00     1214.00        0.50
     3     5      264.00     1206.00        0.50
     3     5      256.00     1194.00        0.50
     3     5      252.00     1182.00        0.50
