     0     0      240.67     3396.67        0.50
     0     0      238.00     3394.00        0.50
     0     0      235.33     3391.33        0.50
     0     0      234.00     3387.33        0.50
     0     0      231.33     3384.67        0.50
     0     0      228.67     3382.00        0.50
     0     0      226.00     3379.33        0.50
     0     0      224.67     3375.33        0.50
     0     0      222.00     3372.67        0.50
     0     0      219.33     3370.00        0.50
     0     0      218.00     3366.00        0.50
     0     0      216.67     3362.00        0.50
     0     0      214.00     3359.33        0.50
     0     0      214.00     3355.33        0.50
     0     0      211.33     3352.67        0.50
     0     0      210.00     3348.67        0.50
     0     0      207.33     3346.00        0.50
     0     0      207.33     3342.00        0.50
     0     0      206.00     3338.00        0.50
     0     0      203.33     3335.33        0.50
     0     0      202.00     3331.33        0.50
     0     0      200.67     3327.33        0.50
     0     0      202.00     3323.33        0.50
     0     0      203.33     3319.33        0.50
     0     0      206.00     3316.67        0.50
     0     0      207.33     3312.67        0.50
     0     0      208.67     3308.67        0.50
     0     0      211.33     3306.00        0.50
     0     0      214.00     3303.33        0.50
     0     0      216.67     3300.67        0.50
     0     0      219.33     3298.00        0.50
     0     0      222.00     3295.33        0.50
     0     0      226.00     3292.67        0.50
     0     0      230.00     3291.33        0.50
     0     0      232.67     3288.67        0.50
     0     0      236.67     3287.33        0.50
     0     0      239.33     3284.67        0.50
     0     0      243.33     3283.33        0.50
     0     0      246.00     3280.67        0.50
     0     0      250.00     3279.33        0.50
     0     0      252.67     3276.67        0.50
     0     0      256.67     3275.33        0.50
     0     0      260.67     3274.00        0.50
     0     0      263.33     3271.33        0.50
     0     0      267.33     3268.67        0.50
     0     0      271.33     3266.00        0.50
     0     0      275.33     3264.67        0.50
     0     0      279.33     3263.33        0.50
     0     0      283.33     3262.00        0.50
     0     0      287.33     3262.00        0.50
     0     0      291.33     3262.00        0.50
     0     0      295.33     3263.33        0.50
     0     0      299.33     3266.00        0.50
     0     0      303.33     3267.33        0.50
     0     0      307.33     3270.00        0.50
     0     0      311.33     3271.33        0.50
     0     0      315.33     3274.00        0.50
     0     0      319.33     3275.33        0.50
     0     0      323.33     3278.00        0.50
     0     0      326.00     3280.67        0.50
     0     0      328.67     3283.33        0.50
     0     0      331.33     3286.00        0.50
     0     0      334.00     3288.67        0.50
     0     0      336.67     3291.33        0.50
     0     0      339.33     3295.33        0.50
     0     0      342.00     3298.00        0.50
     0     0      344.67     3302.00        0.50
     0     0      346.00     3306.00        0.50
     0     0      347.33     3310.00        0.50
     0     0      348.67     3314.00        0.50
     0     0      350.00     3318.00        0.50
     0     0      350.00     3322.00        0.50
     0     0      350.00     3326.00        0.50
     0     0      350.00     3330.00        0.50
     0     0      348.67     3334.00        0.50
     0     0      348.67     3338.00        0.50
     0     0      347.33     3342.00        0.50
     0     0      346.00     3346.00        0.50
     0     0      344.67     3350.00        0.50
     0     0      343.33     3354.00        0.50
     0     0      342.00     3358.00        0.50
     0     0      339.33     3360.67        0.50
     0     0      338.00     3364.67        0.50
     0     0      336.67     3368.67        0.50
     0     0      334.00     3372.67        0.50
     0     0      332.67     3376.67        0.50
     0     0      330.00     3379.33        0.50
     0     0      327.33     3383.33        0.50
     0     0      324.67     3387.33        0.50
     0     0      322.00     3390.00        0.50
     0     0      319.33     3394.00        0.50
     0     0      316.67     3396.67        0.50
     0     0      314.00     3399.33        0.50
     0     0      310.00     3402.00        0.50
     0     0      307.33     3404.67        0.50
     0     0      303.33     3407.33        0.50
     0     0      299.33     3408.67        0.50
     0     0      295.33     3410.00        0.50
     0     0      291.33     3411.33        0.50
     0     0      287.33     3412.67        0.50
     0     0      283.33     3414.00        0.50
     0     0      279.33     3414.00        0.50
     0     0      275.33     3414.00        0.50
     0     0      271.33     3414.00        0.50
     0     0      267.33     3414.00        0.50
     0     0      263.33     3414.00        0.50
     0     0      259.33     3411.33        0.50
     0     0      255.33     3410.00        0.50
     0     0      251.33     3407.33        0.50
     0     0      248.67     3404.67        0.50
     0     0      246.00     3402.00        0.50
     1     0      280.67     3384.67        0.50
     1     0      276.67     3386.00        0.50
     1     0      272.67     3386.00        0.50
     1     0      268.67     3386.00        0.50
     1     0      264.67     3386.00        0.50
     1     0      260.67     3386.00        0.50
     1     0      256.67     3384.67        0.50
     1     0      252.67     3382.00        0.50
     1     0      250.00     3379.33        0.50
     1     0      247.33     3376.67        0.50
     1     0      244.67     3374.00        0.50
     1     0      243.33     3370.00        0.50
     1     0      242.00     3366.00        0.50
     1     0      239.33     3363.33        0.50
     1     0      238.00     3359.33        0.50
     1     0      235.33     3356.67        0.50
     1     0      234.00     3352.67        0.50
     1     0      232.67     3348.67        0.50
     1     0      230.00     3346.00        0.50
     1     0      228.67     3342.00        0.50
     1     0      227.33     3338.00        0.50
     1     0      227.33     3334.00        0.50
     1     0      227.33     3330.00        0.50
     1     0      228.67     3326.00        0.50
     1     0      231.33     3323.33        0.50
     1     0      232.67     3319.33        0.50
     1     0      235.33     3316.67        0.50
     1     0      238.00     3314.00        0.50
     1     0      240.67     3311.33        0.50
     1     0      243.33     3308.67        0.50
     1     0      244.67     3304.67        0.50
     1     0      248.67     3303.33        0.50
     1     0      251.33     3300.67        0.50
     1     0      254.00     3298.00        0.50
     1     0      258.00     3296.67        0.50
     1     0      260.67     3294.00        0.50
     1     0      264.67     3291.33        0.50
     1     0      268.67     3290.00        0.50
     1     0      272.67     3288.67        0.50
     1     0      275.33     3286.00        0.50
     1     0      279.33     3284.67        0.50
     1     0      283.33     3284.67        0.50
     1     0      287.33     3284.67        0.50
     1     0      291.33     3284.67        0.50
     1     0      295.33     3284.67        0.50
     1     0      299.33     3284.67        0.50
     1     0      303.33     3286.00        0.50
     1     0      306.00     3288.67        0.50
     1     0      310.00     3290.00        0.50
     1     0      312.67     3292.67        0.50
     1     0      315.33     3295.33        0.50
     1     0      319.33     3296.67        0.50
     1     0      320.67     3300.67        0.50
     1     0      323.33     3303.33        0.50
     1     0      326.00     3307.33        0.50
     1     0      327.33     3311.33        0.50
     1     0      330.00     3314.00        0.50
     1     0      330.00     3318.00        0.50
     1     0      330.00     3322.00        0.50
     1     0      331.33     3326.00        0.50
     1     0      331.33     3330.00        0.50
     1     0      331.33     3334.00        0.50
     1     0      330.00     3338.00        0.50
     1     0      328.67     3342.00        0.50
     1     0      327.33     3346.00        0.50
     1     0      326.00     3350.00        0.50
     1     0      323.33     3354.00        0.50
     1     0      322.00     3358.00        0.50
     1     0      319.33     3360.67        0.50
     1     0      318.00     3364.67        0.50
     1     0      315.33     3367.33        0.50
     1     0      312.67     3370.00        0.50
     1     0      310.00     3372.67        0.50
     1     0      307.33     3375.33        0.50
     1     0      304.67     3378.00        0.50
     1     0      300.67     3379.33        0.50
     1     0      298.00     3382.00        0.50
     1     0      294.00     3383.33        0.50
     1     0      290.00     3384.67        0.50
     2     0     2177.00     1201.00        0.50
     2     0     2183.00     1199.00        0.50
     2     0     2179.00     1195.00        0.50
     2     0     2183.00     1191.00        0.50
     2     0     2187.00     1187.00        0.50
     2     0     2189.00     1181.00        0.50
     2     0     2193.00     1177.00        0.50
     2     0     2199.00     1175.00        0.50
     2     0     2203.00     1171.00        0.50
     2     0     2209.00     1169.00        0.50
     2     0     2213.00     1165.00        0.50
     2     0     2219.00     1161.00        0.50
     2     0     2223.00     1157.00        0.50
     2     0     2227.00     1153.00        0.50
     2     0     2231.00     1147.00        0.50
     2     0     2235.00     1143.00        0.50
     2     0     2239.00     1139.00        0.50
     2     0     2245.00     1135.00        0.50
     2     0     2251.00     1133.00        0.50
     2     0     2257.00     1131.00        0.50
     2     0     2263.00     1131.00        0.50
     2     0     2269.00     1133.00        0.50
     2     0     2275.00     1135.00        0.50
     2     0     2279.00     1139.00        0.50
     2     0     2281.00     1145.00        0.50
     2     0     2285.00     1149.00        0.50
     2     0     2289.00     1155.00        0.50
     2     0     2293.00     1159.00        0.50
     2     0     2299.00     1161.00        0.50
     2     0     2305.00     1161.00        0.50
     2     0     2311.00     1161.00        0.50
     2     0     2317.00     1161.00        0.50
     2     0     2323.00     1157.00        0.50
     2     0     2329.00     1155.00        0.50
     2     0     2335.00     1153.00        0.50
     2     0     2341.00     1151.00        0.50
     2     0     2347.00     1147.00        0.50
     2     0     2353.00     1145.00        0.50
     2     0     2359.00     1145.00        0.50
     2     0     2365.00     1143.00        0.50
     2     0     2371.00     1143.00        0.50
     2     0     2377.00     1143.00        0.50
     2     0     2383.00     1143.00        0.50
     2     0     2389.00     1143.00        0.50
     2     0     2395.00     1143.00        0.50
     2     0     2401.00     1143.00        0.50
     2     0     2407.00     1143.00        0.50
     2     0     2413.00     1143.00        0.50
     2     0     2419.00     1143.00        0.50
     2     0     2425.00     1143.00        0.50
     2     0     2431.00     1143.00        0.50
     2     0     2437.00     1143.00        0.50
     2     0     2443.00     1143.00        0.50
     2     0     2449.00     1141.00        0.50
     2     0     2455.00     1139.00        0.50
     2     0     2461.00     1137.00        0.50
     2     0     2465.00     1133.00        0.50
     2     0     2469.00     1129.00        0.50
     2     0     2473.00     1123.00        0.50
     2     0     2477.00     1119.00        0.50
     2     0     2481.00     1115.00        0.50
     2     0     2485.00     1109.00        0.50
     2     0     2489.00     1105.00        0.50
     2     0     2491.00     1099.00        0.50
     2     0     2495.00     1093.00        0.50
     2     0     2497.00     1087.00        0.50
     2     0     2499.00     1081.00        0.50
     2     0     2499.00     1075.00        0.50
     2     0     2501.00     1069.00        0.50
     2     0     2501.00     1063.00        0.50
     2     0     2503.00     1057.00        0.50
     2     0     2505.00     1051.00        0.50
     2     0     2509.00     1047.00        0.50
     2     0     2513.00     1043.00        0.50
     2     0     2517.00     1039.00        0.50
     2     0     2521.00     1035.00        0.50
     2     0     2527.00     1033.00        0.50
     2     0     2533.00     1031.00        0.50
     2     0     2539.00     1027.00        0.50
     2     0     2545.00     1027.00        0.50
     2     0     2551.00     1025.00        0.50
     2     0     2557.00     1025.00        0.50
     2     0     2563.00     1025.00        0.50
     2     0     2569.00     1025.00        0.50
     2     0     2575.00     1027.00        0.50
     2     0     2581.00     1029.00        0.50
     2     0     2585.00     1033.00        0.50
     2     0     2591.00     1035.00        0.50
     2     0     2597.00     1039.00        0.50
     2     0     2603.00     1041.00        0.50
     2     0     2609.00     1045.00        0.50
     2     0     2615.00     1049.00        0.50
     2     0     2621.00     1051.00        0.50
     2     0     2627.00     1055.00        0.50
     2     0     2633.00     1057.00        0.50
     2     0     2637.00     1061.00        0.50
     2     0     2643.00     1063.00        0.50
     2     0     2647.00     1067.00        0.50
     2     0     2653.00     1069.00        0.50
     2     0     2659.00     1071.00        0.50
     2     0     2665.00     1073.00        0.50
     2     0     2671.00     1075.00        0.50
     2     0     2677.00     1077.00        0.50
     2     0     2683.00     1079.00        0.50
     2     0     2689.00     1079.00        0.50
     2     0     2695.00     1079.00        0.50
     2     0     2701.00     1079.00        0.50
     2     0     2707.00     1077.00        0.50
     2     0     2713.00     1077.00        0.50
     2     0     2719.00     1075.00        0.50
     2     0     2723.00     1071.00        0.50
     2     0     2729.00     1069.00        0.50
     2     0     2733.00     1065.00        0.50
     2     0     2739.00     1063.00        0.50
     2     0     2745.00     1061.00        0.50
     2     0     2751.00     1057.00        0.50
     2     0     2757.00     1055.00        0.50
     2     0     2763.00     1055.00        0.50
     2     0     2769.00     1051.00        0.50
     2     0     2775.00     1049.00        0.50
     2     0     2781.00     1047.00        0.50
     2     0     2787.00     1047.00        0.50
     2     0     2793.00     1045.00        0.50
     2     0     2799.00     1043.00        0.50
     2     0     2805.00     1043.00        0.50
     2     0     2811.00     1041.00        0.50
     2     0     2817.00     1039.00        0.50
     2     0     2823.00     1037.00        0.50
     2     0     2829.00     1037.00        0.50
     2     0     2835.00     1035.00        0.50
     2     0     2841.00     1033.00        0.50
     2     0     2847.00     1031.00        0.50
     2     0     2853.00     1029.00        0.50
     2     0     2857.00     1025.00        0.50
     2     0     2863.00     1023.00        0.50
     2     0     2867.00     1019.00        0.50
     2     0     2871.00     1015.00        0.50
     2     0     2877.00     1013.00        0.50
     2     0     2881.00     1009.00        0.50
     2     0     2887.00     1007.00        0.50
     2     0     2893.00     1005.00        0.50
     2     0     2899.00     1001.00        0.50
     2     0     2905.00      999.00        0.50
     2     0     2911.00      995.00        0.50
     2     0     2917.00      993.00        0.50
     2     0     2923.00      989.00        0.50
     2     0     2929.00      987.00        0.50
     2     0     2933.00      983.00        0.50
     2     0     2939.00      981.00        0.50
     2     0     2945.00      977.00        0.50
     2     0     2951.00      975.00        0.50
     2     0     2957.00      973.00        0.50
     2     1     1879.00     1799.00        0.50
     2     1     1879.00     1793.00        0.50
     2     1     1879.00     1787.00        0.50
     2     1     1879.00     1781.00        0.50
     2     1     1877.00     1773.00        0.50
     2     1     1877.00     1767.00        0.50
     2     1     1877.00     1761.00        0.50
     2     1     1877.00     1755.00        0.50
     2     1     1877.00     1749.00        0.50
     2     1     1877.00     1743.00        0.50
     2     1     1877.00     1737.00        0.50
     2     1     1877.00     1731.00        0.50
     2     1     1877.00     1725.00        0.50
     2     1     1877.00     1719.00        0.50
     2     1     1877.00     1713.00        0.50
     2     1     1879.00     1707.00        0.50
     2     1     1879.00     1701.00        0.50
     2     1     1879.00     1695.00        0.50
     2     1     1879.00     1689.00        0.50
     2     1     1881.00     1679.00        0.50
     2     1     1881.00     1669.00        0.50
     2     1     1881.00     1659.00        0.50
     2     1     1881.00     1651.00        0.50
     2     1     1883.00     1645.00        0.50
     2     1     1883.00     1639.00        0.50
     2     1     1885.00     1633.00        0.50
     2     1     1885.00     1627.00        0.50
     2     1     1885.00     1621.00        0.50
     2     1     1887.00     1613.00        0.50
     2     1     1887.00     1607.00        0.50
     2     1     1889.00     1601.00        0.50
     2     1     1891.00     1593.00        0.50
     2     1     1893.00     1587.00        0.50
     2     1     1893.00     1581.00        0.50
     2     1     1895.00     1575.00        0.50
     2     1     1899.00     1571.00        0.50
     2     1     1901.00     1565.00        0.50
     3     0     1911.00     1805.00        0.50
     3     0     1911.00     1799.00        0.50
     3     0     1911.00     1793.00        0.50
     3     0     1909.00     1787.00        0.50
     3     0     1909.00     1781.00        0.50
     3     0     1909.00     1775.00        0.50
     3     0     1909.00     1769.00        0.50
     3     0     1909.00     1763.00        0.50
     3     0     1909.00     1757.00        0.50
     3     0     1909.00     1751.00        0.50
     3     0     1909.00     1745.00        0.50
     3     0     1909.00     1739.00        0.50
     3     0     1909.00     1733.00        0.50
     3     0     1909.00     1727.00        0.50
     3     0     1909.00     1721.00        0.50
     3     0     1907.00     1715.00        0.50
     3     0     1907.00     1709.00        0.50
     3     0     1907.00     1703.00        0.50
     3     0     1907.00     1693.00        0.50
     3     0     1907.00     1683.00        0.50
     3     0     1909.00     1675.00        0.50
     3     0     1909.00     1669.00        0.50
     3     0     1909.00     1663.00        0.50
     3     0     1909.00     1657.00        0.50
     3     0     1909.00     1651.00        0.50
     3     0     1911.00     1645.00        0.50
     3     0     1913.00     1639.00        0.50
     3     0     1915.00     1633.00        0.50
     3     0     1917.00     1627.00        0.50
     3     0     1917.00     1621.00        0.50
     3     0     1919.00     1615.00        0.50
     3     0     1921.00     1609.00        0.50
     3     0     1923.00     1603.00        0.50
     3     0     1925.00     1597.00        0.50
     3     0     1927.00     1591.00        0.50
     3     0     1931.00     1585.00        0.50
     3     0     1933.00     1579.00        0.50
     3     0     1937.00     1573.00        0.50
     3     1     2183.00     1227.00        0.50
     3     1     2191.00     1221.00        0.50
     3     1     2195.00     1217.00        0.50
     3     1     2199.00     1213.00        0.50
     3     1     2203.00     1209.00        0.50
     3     1     2207.00     1205.00        0.50
     3     1     2213.00     1203.00        0.50
     3     1     2217.00     1199.00        0.50
     3     1     2223.00     1197.00        0.50
     3     1     2227.00     1193.00        0.50
     3     1     2233.00     1191.00        0.50
     3     1     2239.00     1189.00        0.50
     3     1     2245.00     1187.00        0.50
     3     1     2251.00     1187.00        0.50
     3     1     2257.00     1185.00        0.50
     3     1     2263.00     1185.00        0.50
     3     1     2269.00     1185.00        0.50
     3     1     2275.00     1185.00        0.50
     3     1     2281.00     1185.00        0.50
     3     1     2287.00     1187.00        0.50
     3     1     2293.00     1187.00        0.50
     3     1     2299.00     1187.00        0.50
     3     1     2305.00     1189.00        0.50
     3     1     2311.00     1189.00        0.50
     3     1     2317.00     1191.00        0.50
     3     1     2323.00     1191.00        0.50
     3     1     2329.00     1191.00        0.50
     3     1     2335.00     1191.00        0.50
     3     1     2341.00     1189.00        0.50
     3     1     2347.00     1187.00        0.50
     3     1     2353.00     1185.00        0.50
     3     1     2359.00     1183.00        0.50
     3     1     2365.00     1181.00        0.50
     3     1     2371.00     1181.00        0.50
     3     1     2377.00     1177.00        0.50
     3     1     2383.00     1177.00        0.50
     3     1     2389.00     1175.00        0.50
     3     1     2395.00     1173.00        0.50
     3     1     2401.00     1171.00        0.50
     3     1     2407.00     1171.00        0.50
     3     1     2413.00     1169.00        0.50
     3     1     2419.00     1169.00        0.50
     3     1     2425.00     1169.00        0.50
     3     1     2431.00     1167.00        0.50
     3     1     2437.00     1167.00        0.50
     3     1     2443.00     1165.00        0.50
     3     1     2449.00     1165.00        0.50
     3     1     2455.00     1165.00        0.50
     3     1     2461.00     1163.00        0.50
     3     1     2467.00     1161.00        0.50
     3     1     2473.00     1159.00        0.50
     3     1     2479.00     1157.00        0.50
     3     1     2483.00     1153.00        0.50
     3     1     2489.00     1149.00        0.50
     3     1     2493.00     1145.00        0.50
     3     1     2499.00     1143.00        0.50
     3     1     2501.00     1137.00        0.50
     3     1     2507.00     1133.00        0.50
     3     1     2511.00     1129.00        0.50
     3     1     2511.00     1123.00        0.50
     3     1     2513.00     1117.00        0.50
     3     1     2515.00     1111.00        0.50
     3     1     2515.00     1105.00        0.50
     3     1     2517.00     1099.00        0.50
     3     1     2519.00     1093.00        0.50
     3     1     2521.00     1087.00        0.50
     3     1     2523.00     1081.00        0.50
     3     1     2525.00     1075.00        0.50
     3     1     2529.00     1071.00        0.50
     3     1     2531.00     1065.00        0.50
     3     1     2533.00     1059.00        0.50
     3     1     2537.00     1055.00        0.50
     3     1     2541.00     1051.00        0.50
     3     1     2545.00     1047.00        0.50
     3     1     2551.00     1045.00        0.50
     3     1     2557.00     1045.00        0.50
     3     1     2563.00     1045.00        0.50
     3     1     2569.00     1047.00        0.50
     3     1     2575.00     1049.00        0.50
     3     1     2581.00     1051.00        0.50
     3     1     2585.00     1055.00        0.50
     3     1     2591.00     1057.00        0.50
     3     1     2597.00     1059.00        0.50
     3     1     2601.00     1063.00        0.50
     3     1     2607.00     1065.00        0.50
     3     1     2613.00     1069.00        0.50
     3     1     2619.00     1071.00        0.50
     3     1     2623.00     1075.00        0.50
     3     1     2629.00     1077.00        0.50
     3     1     2633.00     1081.00        0.50
     3     1     2639.00     1083.00        0.50
     3     1     2645.00     1085.00        0.50
     3     1     2649.00     1089.00        0.50
     3     1     2655.00     1091.00        0.50
     3     1     2661.00     1093.00        0.50
     3     1     2667.00     1095.00        0.50
     3     1     2673.00     1097.00        0.50
     3     1     2679.00     1099.00        0.50
     3     1     2685.00     1101.00        0.50
     3     1     2691.00     1101.00        0.50
     3     1     2697.00     1101.00        0.50
     3     1     2703.00     1101.00        0.50
     3     1     2709.00     1101.00        0.50
     3     1     2715.00     1101.00        0.50
     3     1     2721.00     1101.00        0.50
     3     1     2727.00     1099.00        0.50
     3     1     2733.00     1099.00        0.50
     3     1     2739.00     1097.00        0.50
     3     1     2745.00     1095.00        0.50
     3     1     2749.00     1091.00        0.50
     3     1     2755.00     1089.00        0.50
     3     1     2761.00     1087.00        0.50
     3     1     2767.00     1087.00        0.50
     3     1     2773.00     1083.00        0.50
     3     1     2779.00     1081.00        0.50
     3     1     2785.00     1079.00        0.50
     3     1     2791.00     1077.00        0.50
     3     1     2797.00     1075.00        0.50
     3     1     2801.00     1071.00        0.50
     3     1     2807.00     1071.00        0.50
     3     1     2813.00     1069.00        0.50
     3     1     2819.00     1065.00        0.50
     3     1     2825.00     1063.00        0.50
     3     1     2831.00     1063.00        0.50
     3     1     2837.00     1061.00        0.50
     3     1     2843.00     1059.00        0.50
     3     1     2849.00     1055.00        0.50
     3     1     2855.00     1051.00        0.50
     3     1     2861.00     1047.00        0.50
     3     1     2867.00     1045.00        0.50
     3     1     2871.00     1041.00        0.50
     3     1     2877.00     1039.00        0.50
     3     1     2881.00     1035.00        0.50
     3     1     2887.00     1033.00        0.50
     3     1     2891.00     1029.00        0.50
     3     1     2895.00     1025.00        0.50
     3     1     2901.00     1021.00        0.50
     3     1     2907.00     1017.00        0.50
     3     1     2913.00     1015.00        0.50
     3     1     2917.00     1011.00        0.50
     3     1     2923.00     1011.00        0.50
     3     1     2929.00     1009.00        0.50
     3     1     2935.00     1007.00        0.50
     3     1     2939.00     1003.00        0.50
     3     1     2945.00     1001.00        0.50
     3     1     2951.00      999.00        0.50
     3     1     2957.00      997.00        0.50
