     0     0      500.00     2091.00        0.50
     0     0      494.00     2091.00        0.50
     0     0      488.00     2093.00        0.50
     0     0      482.00     2093.00        0.50
     0     0      476.00     2095.00        0.50
     0     0      470.00     2095.00        0.50
     0     0      464.00     2097.00        0.50
     0     0      458.00     2097.00        0.50
     0     0      452.00     2097.00        0.50
     0     0      446.00     2097.00        0.50
     0     0      440.00     2097.00        0.50
     0     0      434.00     2097.00        0.50
     0     0      428.00     2097.00        0.50
     0     0      422.00     2097.00        0.50
     0     0      416.00     2095.00        0.50
     0     0      410.00     2095.00        0.50
     0     0      404.00     2093.00        0.50
     0     0      398.00     2089.00        0.50
     0     0      392.00     2085.00        0.50
     0     0      386.00     2083.00        0.50
     0     0      382.00     2079.00        0.50
     0     0      378.00     2075.00        0.50
     0     0      376.00     2069.00        0.50
     0     0      372.00     2065.00        0.50
     0     0      370.00     2059.00        0.50
     0     0      366.00     2055.00        0.50
     0     0      364.00     2049.00        0.50
     0     0      360.00     2045.00        0.50
     0     0      358.00     2039.00        0.50
     0     0      356.00     2033.00        0.50
     0     0      354.00     2027.00        0.50
     0     0      352.00     2021.00        0.50
     0     0      350.00     2015.00        0.50
     0     0      348.00     2009.00        0.50
     0     0      348.00     2003.00        0.50
     0     0      348.00     1997.00        0.50
     0     0      348.00     1991.00        0.50
     0     0      348.00     1985.00        0.50
     0     0      348.00     1979.00        0.50
     0     0      350.00     1973.00        0.50
     0     0      350.00     1967.00        0.50
     0     0      354.00     1961.00        0.50
     0     0      356.00     1955.00        0.50
     0     0      358.00     1949.00        0.50
     0     0      360.00     1943.00        0.50
     0     0      364.00     1939.00        0.50
     0     0      366.00     1933.00        0.50
     0     0      368.00     1927.00        0.50
     0     0      372.00     1921.00        0.50
     0     0      374.00     1915.00        0.50
     0     0      376.00     1909.00        0.50
     0     0      380.00     1905.00        0.50
     0     0      382.00     1899.00        0.50
     0     0      384.00     1893.00        0.50
     0     0      388.00     1889.00        0.50
     0     0      390.00     1883.00        0.50
     0     0      394.00     1879.00        0.50
     0     0      398.00     1875.00        0.50
     0     0      400.00     1869.00        0.50
     0     0      404.00     1865.00        0.50
     0     0      408.00     1861.00        0.50
     0     0      412.00     1857.00        0.50
     0     0      416.00     1853.00        0.50
     0     0      422.00     1851.00        0.50
     0     0      426.00     1847.00        0.50
     0     0      432.00     1843.00        0.50
     0     0      436.00     1839.00        0.50
     0     0      440.00     1835.00        0.50
     0     0      446.00     1831.00        0.50
     0     0      452.00     1827.00        0.50
     0     0      458.00     1825.00        0.50
     0     0      464.00     1823.00        0.50
     0     0      468.00     1819.00        0.50
     0     0      474.00     1817.00        0.50
     0     0      480.00     1815.00        0.50
     0     0      486.00     1813.00        0.50
     0     0      492.00     1811.00        0.50
     0     0      498.00     1811.00        0.50
     0     0      504.00     1809.00        0.50
     0     0      510.00     1807.00        0.50
     0     0      516.00     1807.00        0.50
     0     0      522.00     1805.00        0.50
     0     0      528.00     1805.00        0.50
     0     0      534.00     1805.00        0.50
     0     0      540.00     1805.00        0.50
     0     0      546.00     1805.00        0.50
     0     0      552.00     1805.00        0.50
     0     0      558.00     1807.00        0.50
     0     0      564.00     1807.00        0.50
     0     0      570.00     1809.00        0.50
     0     0      576.00     1811.00        0.50
     0     0      582.00     1813.00        0.50
     0     0      588.00     1815.00        0.50
     0     0      592.00     1819.00        0.50
     0     0      598.00     1821.00        0.50
     0     0      604.00     1823.00        0.50
     0     0      608.00     1827.00        0.50
     0     0      614.00     1829.00        0.50
     0     0      618.00     1833.00        0.50
     0     0      624.00     1837.00        0.50
     0     0      628.00     1841.00        0.50
     0     0      632.00     1845.00        0.50
     0     0      636.00     1849.00        0.50
     0     0      640.00     1855.00        0.50
     0     0      644.00     1859.00        0.50
     0     0      648.00     1863.00        0.50
     0     0      650.00     1869.00        0.50
     0     0      654.00     1873.00        0.50
     0     0      656.00     1879.00        0.50
     0     0      660.00     1885.00        0.50
     0     0      662.00     1891.00        0.50
     0     0      662.00     1897.00        0.50
     0     0      662.00     1903.00        0.50
     0     0      662.00     1909.00        0.50
     0     0      662.00     1915.00        0.50
     0     0      662.00     1921.00        0.50
     0     0      662.00     1927.00        0.50
     0     0      660.00     1933.00        0.50
     0     0      658.00     1939.00        0.50
     0     0      658.00     1945.00        0.50
     0     0      656.00     1951.00        0.50
     0     0      652.00     1957.00        0.50
     0     0      650.00     1963.00        0.50
     0     0      648.00     1969.00        0.50
     0     0      644.00     1973.00        0.50
     0     0      640.00     1979.00        0.50
     0     0      638.00     1985.00        0.50
     0     0      634.00     1989.00        0.50
     0     0      630.00     1995.00        0.50
     0     0      626.00     1999.00        0.50
     0     0      622.00     2003.00        0.50
     0     0      618.00     2009.00        0.50
     0     0      614.00     2013.00        0.50
     0     0      610.00     2017.00        0.50
     0     0      606.00     2021.00        0.50
     0     0      602.00     2025.00        0.50
     0     0      598.00     2029.00        0.50
     0     0      594.00     2033.00        0.50
     0     0      590.00     2037.00        0.50
     0     0      586.00     2041.00        0.50
     0     0      582.00     2045.00        0.50
     0     0      578.00     2049.00        0.50
     0     0      572.00     2051.00        0.50
     0     0      568.00     2055.00        0.50
     0     0      564.00     2059.00        0.50
     0     0      558.00     2061.00        0.50
     0     0      554.00     2065.00        0.50
     0     0      548.00     2067.00        0.50
     0     0      544.00     2071.00        0.50
     0     0      538.00     2073.00        0.50
     0     0      532.00     2077.00        0.50
     0     0      526.00     2079.00        0.50
     1     0      492.00     2047.00        0.50
     1     0      484.00     2049.00        0.50
     1     0      478.00     2049.00        0.50
     1     0      472.00     2049.00        0.50
     1     0      466.00     2049.00        0.50
     1     0      460.00     2049.00        0.50
     1     0      454.00     2049.00        0.50
     1     0      448.00     2049.00        0.50
     1     0      442.00     2049.00        0.50
     1     0      436.00     2049.00        0.50
     1     0      430.00     2047.00        0.50
     1     0      424.00     2047.00        0.50
     1     0      418.00     2045.00        0.50
     1     0      412.00     2041.00        0.50
     1     0      406.00     2039.00        0.50
     1     0      402.00     2035.00        0.50
     1     0      398.00     2031.00        0.50
     1     0      394.00     2027.00        0.50
     1     0      390.00     2023.00        0.50
     1     0      388.00     2017.00        0.50
     1     0      384.00     2013.00        0.50
     1     0      382.00     2007.00        0.50
     1     0      380.00     2001.00        0.50
     1     0      378.00     1995.00        0.50
     1     0      378.00     1989.00        0.50
     1     0      378.00     1983.00        0.50
     1     0      378.00     1977.00        0.50
     1     0      378.00     1971.00        0.50
     1     0      380.00     1965.00        0.50
     1     0      380.00     1959.00        0.50
     1     0      382.00     1953.00        0.50
     1     0      384.00     1947.00        0.50
     1     0      388.00     1943.00        0.50
     1     0      390.00     1937.00        0.50
     1     0      394.00     1933.00        0.50
     1     0      396.00     1927.00        0.50
     1     0      398.00     1921.00        0.50
     1     0      400.00     1915.00        0.50
     1     0      404.00     1911.00        0.50
     1     0      406.00     1905.00        0.50
     1     0      410.00     1901.00        0.50
     1     0      412.00     1895.00        0.50
     1     0      416.00     1891.00        0.50
     1     0      420.00     1887.00        0.50
     1     0      424.00     1883.00        0.50
     1     0      426.00     1877.00        0.50
     1     0      432.00     1873.00        0.50
     1     0      438.00     1869.00        0.50
     1     0      444.00     1867.00        0.50
     1     0      448.00     1863.00        0.50
     1     0      454.00     1861.00        0.50
     1     0      460.00     1859.00        0.50
     1     0      466.00     1855.00        0.50
     1     0      472.00     1855.00        0.50
     1     0      478.00     1851.00        0.50
     1     0      484.00     1851.00        0.50
     1     0      490.00     1847.00        0.50
     1     0      496.00     1847.00        0.50
     1     0      502.00     1847.00        0.50
     1     0      508.00     1845.00        0.50
     1     0      514.00     1845.00        0.50
     1     0      520.00     1845.00        0.50
     1     0      526.00     1845.00        0.50
     1     0      532.00     1845.00        0.50
     1     0      538.00     1845.00        0.50
     1     0      544.00     1845.00        0.50
     1     0      550.00     1845.00        0.50
     1     0      556.00     1847.00        0.50
     1     0      562.00     1847.00        0.50
     1     0      566.00     1851.00        0.50
     1     0      572.00     1853.00        0.50
     1     0      578.00     1855.00        0.50
     1     0      582.00     1859.00        0.50
     1     0      588.00     1861.00        0.50
     1     0      592.00     1865.00        0.50
     1     0      596.00     1871.00        0.50
     1     0      600.00     1877.00        0.50
     1     0      602.00     1883.00        0.50
     1     0      606.00     1887.00        0.50
     1     0      608.00     1893.00        0.50
     1     0      610.00     1899.00        0.50
     1     0      610.00     1905.00        0.50
     1     0      612.00     1911.00        0.50
     1     0      612.00     1917.00        0.50
     1     0      614.00     1923.00        0.50
     1     0      614.00     1929.00        0.50
     1     0      614.00     1935.00        0.50
     1     0      614.00     1941.00        0.50
     1     0      612.00     1947.00        0.50
     1     0      610.00     1953.00        0.50
     1     0      608.00     1959.00        0.50
     1     0      606.00     1965.00        0.50
     1     0      602.00     1969.00        0.50
     1     0      600.00     1975.00        0.50
     1     0      596.00     1979.00        0.50
     1     0      592.00     1983.00        0.50
     1     0      588.00     1987.00        0.50
     1     0      584.00     1991.00        0.50
     1     0      580.00     1995.00        0.50
     1     0      576.00     1999.00        0.50
     1     0      572.00     2003.00        0.50
     1     0      566.00     2007.00        0.50
     1     0      560.00     2011.00        0.50
     1     0      554.00     2015.00        0.50
     1     0      550.00     2019.00        0.50
     1     0      544.00     2021.00        0.50
     1     0      538.00     2025.00        0.50
     1     0      532.00     2027.00        0.50
     1     0      528.00     2031.00        0.50
     1     0      522.00     2033.00        0.50
     1     0      516.00     2035.00        0.50
     2     0     1922.00     2729.00        0.50
     2     0     1912.00     2733.00        0.50
     2     0     1906.00     2733.00        0.50
     2     0     1900.00     2735.00        0.50
     2     0     1894.00     2737.00        0.50
     2     0     1888.00     2737.00        0.50
     2     0     1882.00     2739.00        0.50
     2     0     1876.00     2739.00        0.50
     2     0     1870.00     2741.00        0.50
     2     0     1864.00     2741.00        0.50
     2     0     1858.00     2741.00        0.50
     2     0     1852.00     2741.00        0.50
     2     0     1846.00     2743.00        0.50
     2     0     1840.00     2745.00        0.50
     2     0     1834.00     2745.00        0.50
     2     0     1828.00     2747.00        0.50
     2     0     1822.00     2747.00        0.50
     2     0     1816.00     2749.00        0.50
     2     0     1810.00     2749.00        0.50
     2     0     1804.00     2751.00        0.50
     2     0     1798.00     2751.00        0.50
     2     0     1792.00     2753.00        0.50
     2     0     1786.00     2755.00        0.50
     2     0     1780.00     2755.00        0.50
     2     0     1774.00     2757.00        0.50
     2     0     1768.00     2757.00        0.50
     2     0     1762.00     2757.00        0.50
     2     0     1756.00     2759.00        0.50
     2     0     1750.00     2759.00        0.50
     2     0     1744.00     2761.00        0.50
     2     0     1738.00     2761.00        0.50
     2     0     1732.00     2761.00        0.50
     2     0     1726.00     2761.00        0.50
     2     0     1720.00     2763.00        0.50
     2     0     1714.00     2763.00        0.50
     2     0     1706.00     2763.00        0.50
     2     0     1700.00     2765.00        0.50
     2     0     1694.00     2765.00        0.50
     2     0     1688.00     2767.00        0.50
     2     0     1682.00     2769.00        0.50
     2     0     1676.00     2771.00        0.50
     2     0     1670.00     2771.00        0.50
     2     0     1664.00     2773.00        0.50
     2     0     1658.00     2775.00        0.50
     2     0     1652.00     2777.00        0.50
     2     0     1646.00     2777.00        0.50
     2     0     1640.00     2781.00        0.50
     2     0     1634.00     2781.00        0.50
     2     0     1628.00     2783.00        0.50
     2     0     1622.00     2785.00        0.50
     2     0     1616.00     2787.00        0.50
     2     0     1610.00     2789.00        0.50
     2     0     1604.00     2791.00        0.50
     2     0     1598.00     2793.00        0.50
     2     0     1592.00     2795.00        0.50
     2     0     1586.00     2797.00        0.50
     2     0     1580.00     2799.00        0.50
     2     0     1574.00     2801.00        0.50
     2     0     1566.00     2803.00        0.50
     2     0     1558.00     2805.00        0.50
     2     0     1552.00     2805.00        0.50
     2     0     1544.00     2807.00        0.50
     2     0     1538.00     2807.00        0.50
     2     0     1530.00     2809.00        0.50
     2     0     1522.00     2809.00        0.50
     2     0     1516.00     2811.00        0.50
     2     0     1508.00     2811.00        0.50
     2     0     1500.00     2811.00        0.50
     2     0     1494.00     2811.00        0.50
     2     0     1486.00     2811.00        0.50
     2     0     1480.00     2811.00        0.50
     2     0     1474.00     2811.00        0.50
     2     0     1468.00     2811.00        0.50
     2     0     1460.00     2811.00        0.50
     2     0     1454.00     2811.00        0.50
     2     0     1448.00     2811.00        0.50
     2     0     1440.00     2813.00        0.50
     2     0     1434.00     2813.00        0.50
     2     0     1426.00     2813.00        0.50
     2     0     1418.00     2813.00        0.50
     2     0     1410.00     2813.00        0.50
     2     0     1404.00     2815.00        0.50
     2     0     1398.00     2815.00        0.50
     2     0     1392.00     2815.00        0.50
     2     0     1386.00     2815.00        0.50
     2     0     1380.00     2817.00        0.50
     2     0     1374.00     2817.00        0.50
     2     0     1368.00     2817.00        0.50
     2     0     1362.00     2817.00        0.50
     2     0     1356.00     2817.00        0.50
     2     0     1348.00     2817.00        0.50
     2     0     1338.00     2819.00        0.50
     2     0     1330.00     2819.00        0.50
     2     0     1320.00     2819.00        0.50
     2     0     1314.00     2819.00        0.50
     2     0     1308.00     2819.00        0.50
     2     0     1302.00     2821.00        0.50
     2     0     1296.00     2821.00        0.50
     2     0     1290.00     2821.00        0.50
     2     0     1284.00     2821.00        0.50
     2     0     1278.00     2821.00        0.50
     2     0     1272.00     2823.00        0.50
     2     0     1266.00     2823.00        0.50
     2     0     1260.00     2823.00        0.50
     2     0     1254.00     2823.00        0.50
     2     0     1248.00     2825.00        0.50
     2     0     1242.00     2825.00        0.50
     2     0     1236.00     2825.00        0.50
     2     0     1230.00     2825.00        0.50
     2     0     1224.00     2825.00        0.50
     2     0     1218.00     2825.00        0.50
     2     0     1212.00     2825.00        0.50
     2     0     1200.00     2827.00        0.50
     2     0     1192.00     2827.00        0.50
     2     0     1186.00     2829.00        0.50
     2     0     1178.00     2829.00        0.50
     2     0     1166.00     2829.00        0.50
     2     0     1158.00     2831.00        0.50
     2     0     1148.00     2831.00        0.50
     2     0     1142.00     2833.00        0.50
     2     0     1136.00     2833.00        0.50
     2     0     1130.00     2833.00        0.50
     2     0     1124.00     2833.00        0.50
     2     0     1118.00     2835.00        0.50
     2     0     1112.00     2835.00        0.50
     2     0     1104.00     2835.00        0.50
     2     0     1098.00     2835.00        0.50
     2     0     1092.00     2835.00        0.50
     2     0     1086.00     2835.00        0.50
     2     0     1078.00     2835.00        0.50
     2     0     1072.00     2837.00        0.50
     2     0     1064.00     2837.00        0.50
     2     0     1058.00     2837.00        0.50
     2     0     1052.00     2837.00        0.50
     2     0     1046.00     2837.00        0.50
     2     0     1040.00     2837.00        0.50
     2     0     1034.00     2837.00        0.50
     2     0     1028.00     2837.00        0.50
     2     0     1022.00     2837.00        0.50
     2     0     1016.00     2837.00        0.50
     2     0     1010.00     2837.00        0.50
     2     0     1004.00     2837.00        0.50
     2     0      998.00     2837.00        0.50
     2     0      992.00     2835.00        0.50
     2     0      986.00     2835.00        0.50
     2     0      980.00     2835.00        0.50
     2     0      974.00     2835.00        0.50
     2     0      968.00     2835.00        0.50
     2     0      962.00     2833.00        0.50
     2     0      958.00     2829.00        0.50
     2     0      952.00     2827.00        0.50
     2     0      946.00     2825.00        0.50
     2     0      942.00     2821.00        0.50
     2     0      936.00     2819.00        0.50
     2     0      930.00     2817.00        0.50
     2     0      924.00     2815.00        0.50
     2     0      920.00     2811.00        0.50
     2     0      914.00     2809.00        0.50
     2     0      908.00     2807.00        0.50
     2     0      902.00     2805.00        0.50
     2     0      896.00     2803.00        0.50
     2     0      892.00     2799.00        0.50
     2     0      886.00     2797.00        0.50
     2     0      880.00     2795.00        0.50
     2     0      876.00     2791.00        0.50
     2     0      870.00     2789.00        0.50
     2     0      866.00     2785.00        0.50
     2     0      860.00     2783.00        0.50
     2     0      856.00     2777.00        0.50
     2     0      850.00     2773.00        0.50
     2     0      844.00     2771.00        0.50
     2     1      608.00     2113.00        0.50
     2     1      612.00     2105.00        0.50
     2     1      616.00     2101.00        0.50
     2     1      620.00     2097.00        0.50
     2     1      626.00     2093.00        0.50
     2     1      630.00     2089.00        0.50
     2     1      636.00     2085.00        0.50
     2     1      640.00     2081.00        0.50
     2     1      646.00     2077.00        0.50
     2     1      652.00     2073.00        0.50
     2     1      658.00     2071.00        0.50
     2     1      662.00     2067.00        0.50
     2     1      668.00     2065.00        0.50
     2     1      674.00     2061.00        0.50
     2     1      680.00     2057.00        0.50
     2     1      686.00     2055.00        0.50
     2     1      694.00     2053.00        0.50
     2     1      702.00     2049.00        0.50
     2     1      710.00     2045.00        0.50
     2     1      718.00     2043.00        0.50
     2     1      724.00     2041.00        0.50
     2     1      732.00     2037.00        0.50
     2     1      740.00     2035.00        0.50
     2     1      746.00     2033.00        0.50
     2     1      752.00     2031.00        0.50
     2     1      762.00     2029.00        0.50
     2     1      768.00     2027.00        0.50
     2     1      774.00     2025.00        0.50
     2     1      780.00     2023.00        0.50
     2     1      788.00     2021.00        0.50
     2     1      796.00     2019.00        0.50
     2     1      804.00     2017.00        0.50
     2     1      810.00     2015.00        0.50
     2     1      818.00     2013.00        0.50
     2     1      824.00     2013.00        0.50
     2     1      830.00     2013.00        0.50
     2     1      838.00     2011.00        0.50
     2     1      846.00     2009.00        0.50
     2     1      852.00     2009.00        0.50
     2     1      860.00     2009.00        0.50
     2     1      866.00     2007.00        0.50
     2     1      872.00     2007.00        0.50
     2     1      878.00     2007.00        0.50
     2     1      884.00     2005.00        0.50
     2     1      890.00     2005.00        0.50
     2     1      896.00     2005.00        0.50
     2     1      902.00     2005.00        0.50
     2     1      908.00     2005.00        0.50
     2     1      916.00     2003.00        0.50
     2     1      922.00     2003.00        0.50
     2     1      928.00     2003.00        0.50
     2     1      934.00     2001.00        0.50
     2     1      940.00     2001.00        0.50
     2     1      946.00     2001.00        0.50
     2     1      952.00     2001.00        0.50
     2     1      960.00     1999.00        0.50
     2     1      966.00     1999.00        0.50
     2     1      972.00     1999.00        0.50
     2     1      978.00     1999.00        0.50
     2     1      984.00     1999.00        0.50
     2     1      990.00     1999.00        0.50
     2     1      998.00     1999.00        0.50
     2     1     1004.00     1999.00        0.50
     2     1     1010.00     1999.00        0.50
     2     1     1016.00     1999.00        0.50
     2     1     1022.00     1999.00        0.50
     2     1     1028.00     1999.00        0.50
     2     1     1034.00     1999.00        0.50
     2     1     1040.00     2001.00        0.50
     2     1     1046.00     2001.00        0.50
     2     1     1052.00     2001.00        0.50
     2     1     1060.00     2003.00        0.50
     2     1     1068.00     2003.00        0.50
     2     1     1074.00     2003.00        0.50
     2     1     1080.00     2005.00        0.50
     2     1     1086.00     2005.00        0.50
     2     1     1092.00     2005.00        0.50
     2     1     1098.00     2007.00        0.50
     2     1     1104.00     2007.00        0.50
     2     1     1112.00     2007.00        0.50
     2     1     1122.00     2009.00        0.50
     2     1     1130.00     2009.00        0.50
     2     1     1140.00     2011.00        0.50
     2     1     1150.00     2013.00        0.50
     2     1     1160.00     2015.00        0.50
     2     1     1168.00     2015.00        0.50
     2     1     1176.00     2017.00        0.50
     2     1     1184.00     2017.00        0.50
     2     1     1194.00     2019.00        0.50
     2     1     1206.00     2019.00        0.50
     2     1     1216.00     2019.00        0.50
     2     1     1222.00     2019.00        0.50
     2     1     1232.00     2019.00        0.50
     2     1     1240.00     2021.00        0.50
     2     1     1250.00     2021.00        0.50
     2     1     1258.00     2021.00        0.50
     2     1     1268.00     2021.00        0.50
     2     1     1274.00     2021.00        0.50
     2     1     1280.00     2021.00        0.50
     2     1     1288.00     2021.00        0.50
     2     1     1294.00     2021.00        0.50
     2     1     1300.00     2021.00        0.50
     2     1     1310.00     2021.00        0.50
     2     1     1316.00     2021.00        0.50
     2     1     1326.00     2021.00        0.50
     2     1     1336.00     2021.00        0.50
     2     1     1344.00     2019.00        0.50
     2     1     1356.00     2019.00        0.50
     2     1     1364.00     2019.00        0.50
     2     1     1374.00     2019.00        0.50
     2     1     1384.00     2019.00        0.50
     2     1     1394.00     2019.00        0.50
     2     1     1404.00     2021.00        0.50
     2     1     1416.00     2021.00        0.50
     2     1     1426.00     2021.00        0.50
     2     1     1434.00     2023.00        0.50
     2     1     1442.00     2023.00        0.50
     2     1     1448.00     2025.00        0.50
     2     1     1454.00     2025.00        0.50
     2     1     1460.00     2027.00        0.50
     2     1     1466.00     2027.00        0.50
     2     1     1472.00     2027.00        0.50
     2     1     1478.00     2029.00        0.50
     2     1     1486.00     2029.00        0.50
     2     1     1492.00     2031.00        0.50
     2     1     1498.00     2031.00        0.50
     2     1     1504.00     2033.00        0.50
     2     1     1510.00     2033.00        0.50
     2     1     1504.00     2033.00        0.50
     3     0     1906.00     2709.00        0.50
     3     0     1898.00     2709.00        0.50
     3     0     1892.00     2711.00        0.50
     3     0     1886.00     2713.00        0.50
     3     0     1880.00     2715.00        0.50
     3     0     1874.00     2717.00        0.50
     3     0     1868.00     2719.00        0.50
     3     0     1862.00     2721.00        0.50
     3     0     1856.00     2721.00        0.50
     3     0     1850.00     2721.00        0.50
     3     0     1844.00     2721.00        0.50
     3     0     1838.00     2721.00        0.50
     3     0     1832.00     2721.00        0.50
     3     0     1826.00     2721.00        0.50
     3     0     1820.00     2719.00        0.50
     3     0     1814.00     2719.00        0.50
     3     0     1808.00     2719.00        0.50
     3     0     1802.00     2719.00        0.50
     3     0     1796.00     2719.00        0.50
     3     0     1790.00     2719.00        0.50
     3     0     1784.00     2721.00        0.50
     3     0     1778.00     2723.00        0.50
     3     0     1772.00     2723.00        0.50
     3     0     1766.00     2725.00        0.50
     3     0     1760.00     2727.00        0.50
     3     0     1754.00     2731.00        0.50
     3     0     1748.00     2733.00        0.50
     3     0     1742.00     2735.00        0.50
     3     0     1736.00     2737.00        0.50
     3     0     1730.00     2739.00        0.50
     3     0     1724.00     2741.00        0.50
     3     0     1718.00     2743.00        0.50
     3     0     1712.00     2745.00        0.50
     3     0     1706.00     2747.00        0.50
     3     0     1700.00     2749.00        0.50
     3     0     1694.00     2751.00        0.50
     3     0     1688.00     2753.00        0.50
     3     0     1682.00     2755.00        0.50
     3     0     1676.00     2757.00        0.50
     3     0     1670.00     2759.00        0.50
     3     0     1664.00     2759.00        0.50
     3     0     1658.00     2761.00        0.50
     3     0     1652.00     2761.00        0.50
     3     0     1646.00     2763.00        0.50
     3     0     1640.00     2765.00        0.50
     3     0     1634.00     2765.00        0.50
     3     0     1628.00     2767.00        0.50
     3     0     1622.00     2767.00        0.50
     3     0     1616.00     2767.00        0.50
     3     0     1610.00     2769.00        0.50
     3     0     1604.00     2769.00        0.50
     3     0     1598.00     2771.00        0.50
     3     0     1592.00     2771.00        0.50
     3     0     1586.00     2773.00        0.50
     3     0     1580.00     2773.00        0.50
     3     0     1574.00     2775.00        0.50
     3     0     1568.00     2775.00        0.50
     3     0     1562.00     2777.00        0.50
     3     0     1556.00     2779.00        0.50
     3     0     1550.00     2781.00        0.50
     3     0     1544.00     2781.00        0.50
     3     0     1538.00     2783.00        0.50
     3     0     1532.00     2785.00        0.50
     3     0     1526.00     2787.00        0.50
     3     0     1520.00     2789.00        0.50
     3     0     1514.00     2791.00        0.50
     3     0     1508.00     2791.00        0.50
     3     0     1502.00     2793.00        0.50
     3     0     1496.00     2795.00        0.50
     3     0     1490.00     2795.00        0.50
     3     0     1484.00     2795.00        0.50
     3     0     1478.00     2795.00        0.50
     3     0     1472.00     2795.00        0.50
     3     0     1466.00     2797.00        0.50
     3     0     1460.00     2797.00        0.50
     3     0     1454.00     2797.00        0.50
     3     0     1448.00     2797.00        0.50
     3     0     1442.00     2797.00        0.50
     3     0     1436.00     2795.00        0.50
     3     0     1430.00     2795.00        0.50
     3     0     1424.00     2795.00        0.50
     3     0     1418.00     2795.00        0.50
     3     0     1412.00     2795.00        0.50
     3     0     1406.00     2795.00        0.50
     3     0     1400.00     2795.00        0.50
     3     0     1394.00     2795.00        0.50
     3     0     1388.00     2795.00        0.50
     3     0     1382.00     2795.00        0.50
     3     0     1376.00     2795.00        0.50
     3     0     1370.00     2795.00        0.50
     3     0     1364.00     2795.00        0.50
     3     0     1358.00     2795.00        0.50
     3     0     1352.00     2795.00        0.50
     3     0     1346.00     2795.00        0.50
     3     0     1340.00     2795.00        0.50
     3     0     1334.00     2797.00        0.50
     3     0     1328.00     2797.00        0.50
     3     0     1322.00     2797.00        0.50
     3     0     1316.00     2797.00        0.50
     3     0     1310.00     2797.00        0.50
     3     0     1304.00     2797.00        0.50
     3     0     1298.00     2797.00        0.50
     3     0     1292.00     2797.00        0.50
     3     0     1286.00     2797.00        0.50
     3     0     1280.00     2797.00        0.50
     3     0     1274.00     2797.00        0.50
     3     0     1268.00     2797.00        0.50
     3     0     1262.00     2799.00        0.50
     3     0     1256.00     2799.00        0.50
     3     0     1250.00     2799.00        0.50
     3     0     1244.00     2799.00        0.50
     3     0     1238.00     2801.00        0.50
     3     0     1232.00     2801.00        0.50
     3     0     1226.00     2801.00        0.50
     3     0     1220.00     2801.00        0.50
     3     0     1214.00     2801.00        0.50
     3     0     1208.00     2801.00        0.50
     3     0     1202.00     2801.00        0.50
     3     0     1196.00     2803.00        0.50
     3     0     1190.00     2803.00        0.50
     3     0     1184.00     2803.00        0.50
     3     0     1178.00     2803.00        0.50
     3     0     1172.00     2803.00        0.50
     3     0     1166.00     2803.00        0.50
     3     0     1160.00     2805.00        0.50
     3     0     1154.00     2805.00        0.50
     3     0     1148.00     2807.00        0.50
     3     0     1142.00     2807.00        0.50
     3     0     1136.00     2807.00        0.50
     3     0     1130.00     2807.00        0.50
     3     0     1124.00     2807.00        0.50
     3     0     1118.00     2809.00        0.50
     3     0     1112.00     2809.00        0.50
     3     0     1106.00     2809.00        0.50
     3     0     1100.00     2809.00        0.50
     3     0     1094.00     2809.00        0.50
     3     0     1088.00     2809.00        0.50
     3     0     1082.00     2809.00        0.50
     3     0     1076.00     2809.00        0.50
     3     0     1070.00     2809.00        0.50
     3     0     1064.00     2809.00        0.50
     3     0     1058.00     2809.00        0.50
     3     0     1052.00     2809.00        0.50
     3     0     1046.00     2809.00        0.50
     3     0     1040.00     2809.00        0.50
     3     0     1034.00     2809.00        0.50
     3     0     1028.00     2809.00        0.50
     3     0     1022.00     2809.00        0.50
     3     0     1016.00     2811.00        0.50
     3     0     1010.00     2811.00        0.50
     3     0     1004.00     2811.00        0.50
     3     0      998.00     2811.00        0.50
     3     0      992.00     2811.00        0.50
     3     0      986.00     2811.00        0.50
     3     0      980.00     2811.00        0.50
     3     0      974.00     2811.00        0.50
     3     0      968.00     2811.00        0.50
     3     0      964.00     2807.00        0.50
     3     0      958.00     2805.00        0.50
     3     0      952.00     2803.00        0.50
     3     0      948.00     2799.00        0.50
     3     0      942.00     2797.00        0.50
     3     0      936.00     2795.00        0.50
     3     0      932.00     2791.00        0.50
     3     0      926.00     2789.00        0.50
     3     0      922.00     2785.00        0.50
     3     0      918.00     2781.00        0.50
     3     0      914.00     2777.00        0.50
     3     0      908.00     2775.00        0.50
     3     0      904.00     2771.00        0.50
     3     0      898.00     2769.00        0.50
     3     0      892.00     2767.00        0.50
     3     0      888.00     2763.00        0.50
     3     0      882.00     2761.00        0.50
     3     0      876.00     2759.00        0.50
     3     0      872.00     2755.00        0.50
     3     0      866.00     2753.00        0.50
     3     0      862.00     2747.00        0.50
     3     1      626.00     2141.00        0.50
     3     1      634.00     2135.00        0.50
     3     1      638.00     2131.00        0.50
     3     1      644.00     2127.00        0.50
     3     1      650.00     2123.00        0.50
     3     1      656.00     2119.00        0.50
     3     1      662.00     2115.00        0.50
     3     1      668.00     2111.00        0.50
     3     1      676.00     2109.00        0.50
     3     1      680.00     2105.00        0.50
     3     1      686.00     2101.00        0.50
     3     1      692.00     2099.00        0.50
     3     1      698.00     2095.00        0.50
     3     1      706.00     2093.00        0.50
     3     1      712.00     2089.00        0.50
     3     1      718.00     2085.00        0.50
     3     1      726.00     2083.00        0.50
     3     1      732.00     2079.00        0.50
     3     1      738.00     2077.00        0.50
     3     1      744.00     2075.00        0.50
     3     1      750.00     2073.00        0.50
     3     1      754.00     2069.00        0.50
     3     1      760.00     2067.00        0.50
     3     1      766.00     2063.00        0.50
     3     1      772.00     2061.00        0.50
     3     1      778.00     2059.00        0.50
     3     1      782.00     2055.00        0.50
     3     1      788.00     2053.00        0.50
     3     1      794.00     2051.00        0.50
     3     1      800.00     2049.00        0.50
     3     1      806.00     2047.00        0.50
     3     1      812.00     2047.00        0.50
     3     1      818.00     2045.00        0.50
     3     1      824.00     2045.00        0.50
     3     1      830.00     2041.00        0.50
     3     1      838.00     2041.00        0.50
     3     1      846.00     2039.00        0.50
     3     1      852.00     2039.00        0.50
     3     1      858.00     2039.00        0.50
     3     1      864.00     2037.00        0.50
     3     1      872.00     2037.00        0.50
     3     1      878.00     2037.00        0.50
     3     1      884.00     2035.00        0.50
     3     1      892.00     2035.00        0.50
     3     1      900.00     2035.00        0.50
     3     1      906.00     2033.00        0.50
     3     1      914.00     2033.00        0.50
     3     1      922.00     2033.00        0.50
     3     1      928.00     2033.00        0.50
     3     1      934.00     2031.00        0.50
     3     1      944.00     2031.00        0.50
     3     1      950.00     2031.00        0.50
     3     1      958.00     2029.00        0.50
     3     1      966.00     2029.00        0.50
     3     1      974.00     2029.00        0.50
     3     1      982.00     2029.00        0.50
     3     1      994.00     2029.00        0.50
     3     1     1004.00     2029.00        0.50
     3     1     1012.00     2029.00        0.50
     3     1     1022.00     2027.00        0.50
     3     1     1030.00     2027.00        0.50
     3     1     1040.00     2027.00        0.50
     3     1     1048.00     2027.00        0.50
     3     1     1058.00     2027.00        0.50
     3     1     1072.00     2027.00        0.50
     3     1     1086.00     2027.00        0.50
     3     1     1102.00     2027.00        0.50
     3     1     1114.00     2027.00        0.50
     3     1     1124.00     2027.00        0.50
     3     1     1134.00     2027.00        0.50
     3     1     1142.00     2029.00        0.50
     3     1     1152.00     2031.00        0.50
     3     1     1158.00     2033.00        0.50
     3     1     1166.00     2035.00        0.50
     3     1     1174.00     2039.00        0.50
     3     1     1184.00     2041.00        0.50
     3     1     1192.00     2043.00        0.50
     3     1     1204.00     2047.00        0.50
     3     1     1212.00     2051.00        0.50
     3     1     1220.00     2053.00        0.50
     3     1     1230.00     2055.00        0.50
     3     1     1238.00     2057.00        0.50
     3     1     1246.00     2059.00        0.50
     3     1     1254.00     2059.00        0.50
     3     1     1264.00     2061.00        0.50
     3     1     1270.00     2061.00        0.50
     3     1     1276.00     2061.00        0.50
     3     1     1282.00     2061.00        0.50
     3     1     1288.00     2061.00        0.50
     3     1     1294.00     2061.00        0.50
     3     1     1300.00     2061.00        0.50
     3     1     1306.00     2059.00        0.50
     3     1     1312.00     2059.00        0.50
     3     1     1318.00     2059.00        0.50
     3     1     1324.00     2059.00        0.50
     3     1     1330.00     2059.00        0.50
     3     1     1338.00     2059.00        0.50
     3     1     1348.00     2059.00        0.50
     3     1     1358.00     2059.00        0.50
     3     1     1366.00     2059.00        0.50
     3     1     1376.00     2059.00        0.50
     3     1     1382.00     2061.00        0.50
     3     1     1394.00     2063.00        0.50
     3     1     1404.00     2063.00        0.50
     3     1     1410.00     2065.00        0.50
     3     1     1416.00     2065.00        0.50
     3     1     1422.00     2065.00        0.50
     3     1     1428.00     2065.00        0.50
     3     1     1434.00     2065.00        0.50
     3     1     1440.00     2065.00        0.50
     3     1     1448.00     2063.00        0.50
     3     1     1454.00     2063.00        0.50
     3     1     1460.00     2063.00        0.50
     3     1     1466.00     2065.00        0.50
     3     1     1472.00     2065.00        0.50
     3     1     1478.00     2063.00        0.50
