     0     0     1880.00     1998.00        0.50
     0     0     1868.00     1998.00        0.50
     0     0     1856.00     1994.00        0.50
     0     0     1844.00     1994.00        0.50
     0     0     1832.00     1990.00        0.50
     0     0     1820.00     1986.00        0.50
     0     0     1808.00     1986.00        0.50
     0     0     1800.00     1978.00        0.50
     0     0     1788.00     1970.00        0.50
     0     0     1780.00     1962.00        0.50
     0     0     1772.00     1954.00        0.50
     0     0     1768.00     1942.00        0.50
     0     0     1768.00     1930.00        0.50
     0     0     1768.00     1918.00        0.50
     0     0     1768.00     1906.00        0.50
     0     0     1768.00     1894.00        0.50
     0     0     1776.00     1886.00        0.50
     0     0     1784.00     1874.00        0.50
     0     0     1792.00     1866.00        0.50
     0     0     1804.00     1862.00        0.50
     0     0     1812.00     1854.00        0.50
     0     0     1824.00     1846.00        0.50
     0     0     1836.00     1842.00        0.50
     0     0     1848.00     1834.00        0.50
     0     0     1860.00     1830.00        0.50
     0     0     1872.00     1826.00        0.50
     0     0     1884.00     1822.00        0.50
     0     0     1896.00     1818.00        0.50
     0     0     1908.00     1818.00        0.50
     0     0     1920.00     1818.00        0.50
     0     0     1932.00     1818.00        0.50
     0     0     1944.00     1822.00        0.50
     0     0     1956.00     1826.00        0.50
     0     0     1964.00     1834.00        0.50
     0     0     1972.00     1842.00        0.50
     0     0     1980.00     1850.00        0.50
     0     0     1984.00     1862.00        0.50
     0     0     1988.00     1874.00        0.50
     0     0     1992.00     1886.00        0.50
     0     0     1992.00     1898.00        0.50
     0     0     1992.00     1910.00        0.50
     0     0     1992.00     1922.00        0.50
     0     0     1992.00     1934.00        0.50
     0     0     1984.00     1946.00        0.50
     0     0     1980.00     1958.00        0.50
     0     0     1968.00     1966.00        0.50
     0     0     1960.00     1974.00        0.50
     0     0     1948.00     1978.00        0.50
     0     0     1940.00     1986.00        0.50
     0     0     1928.00     1990.00        0.50
     0     0     1920.00     1998.00        0.50
     0     1     3564.00     2866.00        0.50
     0     1     3552.00     2862.00        0.50
     0     1     3540.00     2858.00        0.50
     0     1     3528.00     2854.00        0.50
     0     1     3516.00     2846.00        0.50
     0     1     3504.00     2842.00        0.50
     0     1     3496.00     2834.00        0.50
     0     1     3484.00     2830.00        0.50
     0     1     3476.00     2822.00        0.50
     0     1     3472.00     2810.00        0.50
     0     1     3464.00     2802.00        0.50
     0     1     3460.00     2790.00        0.50
     0     1     3456.00     2778.00        0.50
     0     1     3456.00     2766.00        0.50
     0     1     3456.00     2754.00        0.50
     0     1     3460.00     2742.00        0.50
     0     1     3460.00     2730.00        0.50
     0     1     3464.00     2718.00        0.50
     0     1     3468.00     2706.00        0.50
     0     1     3472.00     2694.00        0.50
     0     1     3476.00     2682.00        0.50
     0     1     3484.00     2670.00        0.50
     0     1     3488.00     2658.00        0.50
     0     1     3496.00     2650.00        0.50
     0     1     3500.00     2638.00        0.50
     0     1     3508.00     2630.00        0.50
     0     1     3516.00     2622.00        0.50
     0     1     3528.00     2618.00        0.50
     0     1     3540.00     2614.00        0.50
     0     1     3552.00     2610.00        0.50
     0     1     3564.00     2606.00        0.50
     0     1     3576.00     2606.00        0.50
     0     1     3588.00     2606.00        0.50
     0     1     3600.00     2606.00        0.50
     0     1     3612.00     2606.00        0.50
     0     1     3624.00     2606.00        0.50
     0     1     3632.00     2614.00        0.50
     0     1     3644.00     2618.00        0.50
     0     1     3652.00     2626.00        0.50
     0     1     3660.00     2634.00        0.50
     0     1     3668.00     2642.00        0.50
     0     1     3676.00     2654.00        0.50
     0     1     3680.00     2666.00        0.50
     0     1     3684.00     2678.00        0.50
     0     1     3688.00     2690.00        0.50
     0     1     3692.00     2702.00        0.50
     0     1     3696.00     2714.00        0.50
     0     1     3696.00     2726.00        0.50
     0     1     3696.00     2738.00        0.50
     0     1     3700.00     2750.00        0.50
     0     1     3700.00     2762.00        0.50
     0     1     3696.00     2774.00        0.50
     0     1     3692.00     2786.00        0.50
     0     1     3684.00     2798.00        0.50
     0     1     3676.00     2806.00        0.50
     0     1     3672.00     2818.00        0.50
     0     1     3660.00     2826.00        0.50
     0     1     3648.00     2834.00        0.50
     0     1     3640.00     2842.00        0.50
     0     1     3628.00     2846.00        0.50
     0     1     3620.00     2854.00        0.50
     0     1     3612.00     2862.00        0.50
     1     0     1880.00     1954.00        0.50
     1     0     1868.00     1958.00        0.50
     1     0     1856.00     1958.00        0.50
     1     0     1844.00     1958.00        0.50
     1     0     1832.00     1958.00        0.50
     1     0     1820.00     1954.00        0.50
     1     0     1808.00     1946.00        0.50
     1     0     1800.00     1934.00        0.50
     1     0     1800.00     1922.00        0.50
     1     0     1796.00     1910.00        0.50
     1     0     1800.00     1898.00        0.50
     1     0     1808.00     1890.00        0.50
     1     0     1816.00     1882.00        0.50
     1     0     1824.00     1874.00        0.50
     1     0     1832.00     1866.00        0.50
     1     0     1844.00     1858.00        0.50
     1     0     1856.00     1850.00        0.50
     1     0     1868.00     1846.00        0.50
     1     0     1880.00     1842.00        0.50
     1     0     1892.00     1838.00        0.50
     1     0     1904.00     1838.00        0.50
     1     0     1916.00     1834.00        0.50
     1     0     1928.00     1834.00        0.50
     1     0     1940.00     1838.00        0.50
     1     0     1952.00     1842.00        0.50
     1     0     1956.00     1854.00        0.50
     1     0     1964.00     1862.00        0.50
     1     0     1968.00     1874.00        0.50
     1     0     1972.00     1886.00        0.50
     1     0     1976.00     1898.00        0.50
     1     0     1976.00     1910.00        0.50
     1     0     1976.00     1922.00        0.50
     1     0     1968.00     1930.00        0.50
     1     0     1960.00     1938.00        0.50
     1     0     1952.00     1946.00        0.50
     1     0     1940.00     1950.00        0.50
     1     0     1932.00     1958.00        0.50
     1     0     1920.00     1962.00        0.50
     1     1     3588.00     2822.00        0.50
     1     1     3572.00     2818.00        0.50
     1     1     3560.00     2818.00        0.50
     1     1     3548.00     2814.00        0.50
     1     1     3536.00     2810.00        0.50
     1     1     3524.00     2810.00        0.50
     1     1     3516.00     2802.00        0.50
     1     1     3508.00     2794.00        0.50
     1     1     3500.00     2786.00        0.50
     1     1     3496.00     2774.00        0.50
     1     1     3492.00     2762.00        0.50
     1     1     3492.00     2750.00        0.50
     1     1     3492.00     2738.00        0.50
     1     1     3496.00     2726.00        0.50
     1     1     3504.00     2714.00        0.50
     1     1     3508.00     2702.00        0.50
     1     1     3516.00     2694.00        0.50
     1     1     3520.00     2682.00        0.50
     1     1     3524.00     2670.00        0.50
     1     1     3532.00     2662.00        0.50
     1     1     3536.00     2650.00        0.50
     1     1     3548.00     2646.00        0.50
     1     1     3556.00     2638.00        0.50
     1     1     3568.00     2634.00        0.50
     1     1     3580.00     2630.00        0.50
     1     1     3592.00     2630.00        0.50
     1     1     3604.00     2630.00        0.50
     1     1     3616.00     2634.00        0.50
     1     1     3628.00     2634.00        0.50
     1     1     3636.00     2642.00        0.50
     1     1     3644.00     2650.00        0.50
     1     1     3648.00     2662.00        0.50
     1     1     3652.00     2674.00        0.50
     1     1     3660.00     2682.00        0.50
     1     1     3664.00     2694.00        0.50
     1     1     3668.00     2706.00        0.50
     1     1     3672.00     2718.00        0.50
     1     1     3676.00     2730.00        0.50
     1     1     3676.00     2742.00        0.50
     1     1     3676.00     2754.00        0.50
     1     1     3676.00     2766.00        0.50
     1     1     3668.00     2774.00        0.50
     1     1     3656.00     2782.00        0.50
     1     1     3648.00     2790.00        0.50
     1     1     3640.00     2798.00        0.50
     1     1     3632.00     2806.00        0.50
     1     1     3620.00     2810.00        0.50
     2     0     2130.00     2025.00        0.50
     2     0     2136.00     2021.00        0.50
     2     0     2142.00     2019.00        0.50
     2     0     2146.00     2015.00        0.50
     2     0     2150.00     2011.00        0.50
     2     0     2156.00     2009.00        0.50
     2     0     2160.00     2005.00        0.50
     2     0     2164.00     2001.00        0.50
     2     0     2170.00     1997.00        0.50
     2     0     2174.00     1993.00        0.50
     2     0     2178.00     1989.00        0.50
     2     0     2184.00     1985.00        0.50
     2     0     2188.00     1981.00        0.50
     2     0     2192.00     1977.00        0.50
     2     0     2196.00     1973.00        0.50
     2     0     2198.00     1967.00        0.50
     2     0     2202.00     1961.00        0.50
     2     0     2204.00     1955.00        0.50
     2     0     2208.00     1949.00        0.50
     2     0     2210.00     1943.00        0.50
     2     0     2212.00     1937.00        0.50
     2     0     2214.00     1931.00        0.50
     2     0     2216.00     1925.00        0.50
     2     0     2218.00     1919.00        0.50
     2     0     2220.00     1913.00        0.50
     2     0     2222.00     1907.00        0.50
     2     0     2224.00     1901.00        0.50
     2     0     2226.00     1895.00        0.50
     2     0     2228.00     1889.00        0.50
     2     0     2228.00     1883.00        0.50
     2     0     2230.00     1877.00        0.50
     2     0     2232.00     1871.00        0.50
     2     0     2234.00     1865.00        0.50
     2     0     2234.00     1859.00        0.50
     2     0     2236.00     1853.00        0.50
     2     0     2238.00     1847.00        0.50
     2     0     2240.00     1841.00        0.50
     2     0     2242.00     1833.00        0.50
     2     0     2244.00     1827.00        0.50
     2     0     2248.00     1821.00        0.50
     2     0     2250.00     1815.00        0.50
     2     0     2252.00     1809.00        0.50
     2     0     2256.00     1803.00        0.50
     2     0     2258.00     1797.00        0.50
     2     0     2262.00     1791.00        0.50
     2     0     2264.00     1785.00        0.50
     2     0     2268.00     1779.00        0.50
     2     0     2270.00     1773.00        0.50
     2     0     2274.00     1767.00        0.50
     2     0     2278.00     1763.00        0.50
     2     0     2282.00     1757.00        0.50
     2     0     2286.00     1753.00        0.50
     2     0     2290.00     1747.00        0.50
     2     0     2296.00     1739.00        0.50
     2     0     2300.00     1733.00        0.50
     2     0     2308.00     1725.00        0.50
     2     0     2312.00     1719.00        0.50
     2     0     2316.00     1713.00        0.50
     2     0     2320.00     1707.00        0.50
     2     0     2324.00     1703.00        0.50
     2     0     2326.00     1697.00        0.50
     2     0     2330.00     1691.00        0.50
     2     0     2334.00     1683.00        0.50
     2     0     2336.00     1677.00        0.50
     2     0     2340.00     1671.00        0.50
     2     0     2340.00     1665.00        0.50
     2     0     2342.00     1659.00        0.50
     2     0     2344.00     1653.00        0.50
     2     0     2346.00     1647.00        0.50
     2     0     2348.00     1641.00        0.50
     2     0     2350.00     1635.00        0.50
     2     0     2352.00     1629.00        0.50
     2     0     2354.00     1623.00        0.50
     2     0     2356.00     1617.00        0.50
     2     0     2356.00     1611.00        0.50
     2     0     2370.00     1585.00        0.50
     2     0     2378.00     1577.00        0.50
     2     0     2382.00     1573.00        0.50
     2     0     2386.00     1569.00        0.50
     2     0     2390.00     1565.00        0.50
     2     0     2392.00     1559.00        0.50
     2     0     2396.00     1553.00        0.50
     2     0     2400.00     1547.00        0.50
     2     0     2402.00     1541.00        0.50
     2     0     2406.00     1535.00        0.50
     2     0     2408.00     1529.00        0.50
     2     0     2410.00     1523.00        0.50
     2     0     2412.00     1515.00        0.50
     2     0     2416.00     1507.00        0.50
     2     0     2418.00     1497.00        0.50
     2     0     2420.00     1489.00        0.50
     2     0     2422.00     1479.00        0.50
     2     0     2426.00     1471.00        0.50
     2     0     2428.00     1465.00        0.50
     2     0     2430.00     1459.00        0.50
     2     0     2432.00     1453.00        0.50
     2     0     2432.00     1447.00        0.50
     2     0     2434.00     1441.00        0.50
     2     0     2436.00     1433.00        0.50
     2     0     2438.00     1427.00        0.50
     2     0     2440.00     1421.00        0.50
     2     0     2444.00     1415.00        0.50
     2     0     2446.00     1409.00        0.50
     2     0     2450.00     1403.00        0.50
     2     0     2452.00     1397.00        0.50
     2     0     2456.00     1389.00        0.50
     2     0     2458.00     1383.00        0.50
     2     0     2462.00     1377.00        0.50
     2     0     2466.00     1369.00        0.50
     2     0     2470.00     1363.00        0.50
     2     0     2476.00     1355.00        0.50
     2     0     2480.00     1349.00        0.50
     2     0     2484.00     1343.00        0.50
     2     0     2488.00     1335.00        0.50
     2     0     2492.00     1329.00        0.50
     2     0     2496.00     1325.00        0.50
     2     0     2504.00     1315.00        0.50
     2     0     2508.00     1309.00        0.50
     2     0     2514.00     1303.00        0.50
     2     0     2520.00     1297.00        0.50
     2     0     2526.00     1291.00        0.50
     2     0     2532.00     1285.00        0.50
     2     0     2538.00     1277.00        0.50
     2     0     2542.00     1273.00        0.50
     2     0     2546.00     1269.00        0.50
     2     0     2550.00     1265.00        0.50
     2     0     2554.00     1259.00        0.50
     2     0     2558.00     1253.00        0.50
     2     0     2564.00     1245.00        0.50
     2     0     2568.00     1239.00        0.50
     2     0     2572.00     1235.00        0.50
     2     0     2574.00     1229.00        0.50
     2     0     2578.00     1225.00        0.50
     2     0     2582.00     1221.00        0.50
     2     0     2584.00     1215.00        0.50
     2     0     2588.00     1211.00        0.50
     2     0     2592.00     1207.00        0.50
     2     0     2596.00     1201.00        0.50
     2     0     2600.00     1193.00        0.50
     2     0     2606.00     1187.00        0.50
     2     0     2612.00     1177.00        0.50
     2     0     2616.00     1171.00        0.50
     2     0     2622.00     1165.00        0.50
     2     0     2626.00     1161.00        0.50
     2     0     2630.00     1155.00        0.50
     2     0     2634.00     1149.00        0.50
     2     0     2640.00     1143.00        0.50
     2     0     2646.00     1135.00        0.50
     2     0     2652.00     1129.00        0.50
     2     0     2660.00     1121.00        0.50
     2     0     2666.00     1113.00        0.50
     2     0     2674.00     1107.00        0.50
     2     0     2680.00     1099.00        0.50
     2     0     2684.00     1093.00        0.50
     2     0     2688.00     1087.00        0.50
     2     0     2694.00     1079.00        0.50
     2     0     2698.00     1073.00        0.50
     2     0     2704.00     1067.00        0.50
     2     0     2710.00     1059.00        0.50
     2     0     2714.00     1053.00        0.50
     2     0     2718.00     1049.00        0.50
     2     0     2722.00     1045.00        0.50
     2     0     2726.00     1041.00        0.50
     2     0     2732.00     1037.00        0.50
     2     0     2736.00     1033.00        0.50
     2     0     2740.00     1029.00        0.50
     2     0     2744.00     1025.00        0.50
     2     0     2750.00     1023.00        0.50
     2     0     2754.00     1019.00        0.50
     2     0     2760.00     1017.00        0.50
     2     0     2768.00     1013.00        0.50
     2     0     2774.00     1009.00        0.50
     2     0     2780.00     1005.00        0.50
     2     0     2788.00     1001.00        0.50
     2     0     2794.00      995.00        0.50
     2     0     2800.00      993.00        0.50
     2     0     2804.00      989.00        0.50
     2     0     2810.00      987.00        0.50
     2     0     2814.00      983.00        0.50
     2     0     2820.00      979.00        0.50
     2     0     2826.00      975.00        0.50
     2     0     2830.00      971.00        0.50
     2     0     2836.00      969.00        0.50
     2     0     2840.00      965.00        0.50
     2     0     2846.00      961.00        0.50
     2     0     2852.00      957.00        0.50
     2     0     2858.00      951.00        0.50
     2     0     2864.00      949.00        0.50
     2     0     2870.00      947.00        0.50
     2     0     2874.00      943.00        0.50
     2     0     2882.00      941.00        0.50
     2     0     2888.00      939.00        0.50
     2     0     2894.00      937.00        0.50
     2     0     2900.00      937.00        0.50
     2     0     2906.00      935.00        0.50
     2     0     2912.00      935.00        0.50
     2     0     2918.00      933.00        0.50
     2     0     2924.00      933.00        0.50
     2     0     2930.00      933.00        0.50
     2     0     2936.00      931.00        0.50
     2     0     2944.00      931.00        0.50
     2     0     2952.00      931.00        0.50
     2     0     2958.00      929.00        0.50
     2     0     2966.00      929.00        0.50
     2     0     2974.00      927.00        0.50
     2     0     2984.00      925.00        0.50
     2     0     2992.00      923.00        0.50
     2     0     3002.00      921.00        0.50
     2     0     3010.00      919.00        0.50
     2     0     3016.00      919.00        0.50
     2     0     3022.00      917.00        0.50
     2     0     3028.00      917.00        0.50
     2     0     3034.00      917.00        0.50
     2     0     3040.00      915.00        0.50
     2     0     3048.00      915.00        0.50
     2     0     3054.00      915.00        0.50
     2     0     3060.00      915.00        0.50
     2     0     3066.00      915.00        0.50
     2     0     3072.00      915.00        0.50
     2     0     3092.00      909.00        0.50
     2     0     3102.00      907.00        0.50
     2     0     3108.00      905.00        0.50
     2     0     3114.00      903.00        0.50
     2     0     3122.00      903.00        0.50
     2     0     3128.00      901.00        0.50
     2     0     3136.00      901.00        0.50
     2     0     3146.00      901.00        0.50
     2     0     3154.00      901.00        0.50
     2     0     3160.00      901.00        0.50
     2     0     3166.00      903.00        0.50
     2     0     3172.00      903.00        0.50
     2     0     3178.00      903.00        0.50
     2     0     3184.00      905.00        0.50
     2     0     3190.00      905.00        0.50
     2     0     3196.00      907.00        0.50
     2     0     3202.00      909.00        0.50
     2     0     3208.00      909.00        0.50
     2     0     3214.00      911.00        0.50
     2     0     3220.00      913.00        0.50
     2     0     3226.00      915.00        0.50
     2     0     3232.00      915.00        0.50
     2     0     3238.00      917.00        0.50
     2     0     3244.00      919.00        0.50
     2     0     3250.00      921.00        0.50
     2     0     3256.00      925.00        0.50
     2     0     3262.00      927.00        0.50
     2     0     3268.00      929.00        0.50
     2     0     3272.00      933.00        0.50
     2     0     3278.00      935.00        0.50
     2     0     3284.00      937.00        0.50
     2     0     3290.00      939.00        0.50
     2     0     3294.00      943.00        0.50
     2     0     3300.00      945.00        0.50
     2     0     3306.00      947.00        0.50
     2     0     3310.00      951.00        0.50
     2     0     3316.00      953.00        0.50
     2     0     3322.00      957.00        0.50
     2     0     3328.00      959.00        0.50
     2     0     3332.00      963.00        0.50
     2     0     3338.00      965.00        0.50
     2     0     3344.00      969.00        0.50
     2     0     3350.00      973.00        0.50
     2     0     3356.00      975.00        0.50
     2     0     3362.00      979.00        0.50
     2     0     3366.00      983.00        0.50
     2     0     3372.00      985.00        0.50
     2     0     3376.00      989.00        0.50
     2     0     3382.00      993.00        0.50
     2     0     3386.00      997.00        0.50
     2     0     3392.00     1001.00        0.50
     2     0     3396.00     1005.00        0.50
     2     0     3402.00     1009.00        0.50
     2     0     3406.00     1013.00        0.50
     2     0     3410.00     1017.00        0.50
     2     0     3416.00     1019.00        0.50
     2     0     3420.00     1023.00        0.50
     2     0     3424.00     1027.00        0.50
     2     0     3428.00     1031.00        0.50
     2     0     3434.00     1033.00        0.50
     2     0     3438.00     1037.00        0.50
     2     0     3442.00     1041.00        0.50
     2     0     3446.00     1045.00        0.50
     2     0     3450.00     1049.00        0.50
     2     0     3454.00     1053.00        0.50
     2     0     3458.00     1057.00        0.50
     2     0     3462.00     1063.00        0.50
     2     0     3466.00     1067.00        0.50
     2     0     3470.00     1071.00        0.50
     2     0     3474.00     1077.00        0.50
     2     0     3478.00     1081.00        0.50
     2     0     3482.00     1085.00        0.50
     2     0     3484.00     1091.00        0.50
     2     0     3488.00     1095.00        0.50
     2     0     3492.00     1099.00        0.50
     2     0     3496.00     1105.00        0.50
     2     0     3500.00     1111.00        0.50
     2     0     3502.00     1117.00        0.50
     2     0     3506.00     1123.00        0.50
     2     0     3508.00     1129.00        0.50
     2     0     3512.00     1135.00        0.50
     2     0     3514.00     1141.00        0.50
     2     0     3516.00     1147.00        0.50
     2     0     3518.00     1153.00        0.50
     2     0     3520.00     1159.00        0.50
     2     0     3520.00     1165.00        0.50
     2     0     3522.00     1213.00        0.50
     2     0     3522.00     1219.00        0.50
     2     0     3522.00     1225.00        0.50
     2     0     3524.00     1231.00        0.50
     2     0     3524.00     1237.00        0.50
     2     0     3524.00     1245.00        0.50
     2     0     3526.00     1251.00        0.50
     2     0     3528.00     1259.00        0.50
     2     0     3530.00     1265.00        0.50
     2     0     3532.00     1273.00        0.50
     2     0     3532.00     1281.00        0.50
     2     0     3536.00     1291.00        0.50
     2     0     3538.00     1297.00        0.50
     2     0     3540.00     1303.00        0.50
     2     0     3540.00     1311.00        0.50
     2     0     3544.00     1317.00        0.50
     2     0     3544.00     1325.00        0.50
     2     0     3546.00     1333.00        0.50
     2     0     3546.00     1341.00        0.50
     2     0     3548.00     1347.00        0.50
     2     0     3548.00     1353.00        0.50
     2     0     3548.00     1361.00        0.50
     2     0     3548.00     1369.00        0.50
     2     0     3548.00     1379.00        0.50
     2     0     3546.00     1387.00        0.50
     2     0     3546.00     1395.00        0.50
     2     0     3544.00     1401.00        0.50
     2     0     3542.00     1407.00        0.50
     2     0     3538.00     1411.00        0.50
     2     0     3538.00     1417.00        0.50
     2     0     3534.00     1423.00        0.50
     2     0     3532.00     1429.00        0.50
     2     0     3528.00     1435.00        0.50
     2     0     3524.00     1441.00        0.50
     2     0     3522.00     1449.00        0.50
     2     0     3518.00     1459.00        0.50
     2     0     3514.00     1465.00        0.50
     2     0     3510.00     1473.00        0.50
     2     0     3506.00     1481.00        0.50
     2     0     3502.00     1489.00        0.50
     2     0     3498.00     1497.00        0.50
     2     0     3492.00     1505.00        0.50
     2     0     3488.00     1513.00        0.50
     2     0     3484.00     1519.00        0.50
     2     0     3478.00     1527.00        0.50
     2     0     3474.00     1533.00        0.50
     2     0     3468.00     1543.00        0.50
     2     0     3464.00     1553.00        0.50
     2     0     3460.00     1561.00        0.50
     2     0     3456.00     1567.00        0.50
     2     0     3454.00     1573.00        0.50
     2     0     3450.00     1579.00        0.50
     2     0     3448.00     1585.00        0.50
     2     0     3446.00     1591.00        0.50
     2     0     3444.00     1597.00        0.50
     2     0     3440.00     1603.00        0.50
     2     0     3436.00     1609.00        0.50
     2     0     3432.00     1613.00        0.50
     2     0     3426.00     1617.00        0.50
     2     0     3420.00     1621.00        0.50
     2     0     3416.00     1625.00        0.50
     2     0     3410.00     1627.00        0.50
     2     0     3404.00     1631.00        0.50
     2     0     3400.00     1635.00        0.50
     2     0     3394.00     1641.00        0.50
     2     0     3388.00     1647.00        0.50
     2     0     3382.00     1653.00        0.50
     2     0     3374.00     1661.00        0.50
     2     0     3368.00     1667.00        0.50
     2     0     3358.00     1675.00        0.50
     2     0     3352.00     1679.00        0.50
     2     0     3346.00     1685.00        0.50
     2     0     3338.00     1691.00        0.50
     2     0     3332.00     1695.00        0.50
     2     0     3326.00     1697.00        0.50
     2     0     3318.00     1701.00        0.50
     2     0     3308.00     1707.00        0.50
     2     0     3298.00     1711.00        0.50
     2     0     3290.00     1715.00        0.50
     2     0     3282.00     1721.00        0.50
     2     0     3274.00     1725.00        0.50
     2     0     3268.00     1729.00        0.50
     2     0     3260.00     1735.00        0.50
     2     0     3254.00     1739.00        0.50
     2     0     3250.00     1743.00        0.50
     2     0     3246.00     1747.00        0.50
     2     0     3242.00     1751.00        0.50
     2     0     3238.00     1755.00        0.50
     2     0     3234.00     1759.00        0.50
     3     0     2148.00     2037.00        0.50
     3     0     2154.00     2035.00        0.50
     3     0     2160.00     2031.00        0.50
     3     0     2166.00     2029.00        0.50
     3     0     2170.00     2025.00        0.50
     3     0     2176.00     2023.00        0.50
     3     0     2180.00     2019.00        0.50
     3     0     2186.00     2015.00        0.50
     3     0     2192.00     2011.00        0.50
     3     0     2196.00     2007.00        0.50
     3     0     2202.00     2003.00        0.50
     3     0     2208.00     1999.00        0.50
     3     0     2214.00     1995.00        0.50
     3     0     2218.00     1991.00        0.50
     3     0     2224.00     1987.00        0.50
     3     0     2228.00     1983.00        0.50
     3     0     2232.00     1979.00        0.50
     3     0     2236.00     1975.00        0.50
     3     0     2240.00     1969.00        0.50
     3     0     2244.00     1963.00        0.50
     3     0     2246.00     1957.00        0.50
     3     0     2250.00     1951.00        0.50
     3     0     2252.00     1945.00        0.50
     3     0     2254.00     1939.00        0.50
     3     0     2256.00     1933.00        0.50
     3     0     2258.00     1927.00        0.50
     3     0     2260.00     1919.00        0.50
     3     0     2262.00     1913.00        0.50
     3     0     2264.00     1907.00        0.50
     3     0     2266.00     1901.00        0.50
     3     0     2268.00     1895.00        0.50
     3     0     2270.00     1889.00        0.50
     3     0     2272.00     1883.00        0.50
     3     0     2274.00     1877.00        0.50
     3     0     2276.00     1871.00        0.50
     3     0     2276.00     1865.00        0.50
     3     0     2278.00     1859.00        0.50
     3     0     2280.00     1853.00        0.50
     3     0     2282.00     1847.00        0.50
     3     0     2284.00     1841.00        0.50
     3     0     2286.00     1835.00        0.50
     3     0     2286.00     1829.00        0.50
     3     0     2288.00     1823.00        0.50
     3     0     2290.00     1817.00        0.50
     3     0     2292.00     1811.00        0.50
     3     0     2294.00     1805.00        0.50
     3     0     2296.00     1799.00        0.50
     3     0     2298.00     1793.00        0.50
     3     0     2300.00     1787.00        0.50
     3     0     2302.00     1781.00        0.50
     3     0     2304.00     1775.00        0.50
     3     0     2306.00     1769.00        0.50
     3     0     2310.00     1763.00        0.50
     3     0     2314.00     1759.00        0.50
     3     0     2318.00     1755.00        0.50
     3     0     2322.00     1751.00        0.50
     3     0     2326.00     1747.00        0.50
     3     0     2330.00     1743.00        0.50
     3     0     2334.00     1739.00        0.50
     3     0     2340.00     1737.00        0.50
     3     0     2344.00     1733.00        0.50
     3     0     2346.00     1727.00        0.50
     3     0     2350.00     1723.00        0.50
     3     0     2350.00     1717.00        0.50
     3     0     2352.00     1711.00        0.50
     3     0     2354.00     1705.00        0.50
     3     0     2358.00     1701.00        0.50
     3     0     2360.00     1695.00        0.50
     3     0     2362.00     1689.00        0.50
     3     0     2364.00     1683.00        0.50
     3     0     2366.00     1677.00        0.50
     3     0     2368.00     1671.00        0.50
     3     0     2370.00     1665.00        0.50
     3     0     2372.00     1659.00        0.50
     3     0     2372.00     1653.00        0.50
     3     0     2374.00     1647.00        0.50
     3     0     2374.00     1641.00        0.50
     3     0     2376.00     1635.00        0.50
     3     0     2378.00     1629.00        0.50
     3     0     2380.00     1623.00        0.50
     3     0     2382.00     1617.00        0.50
     3     0     2384.00     1611.00        0.50
     3     0     2388.00     1607.00        0.50
     3     0     2390.00     1601.00        0.50
     3     0     2392.00     1595.00        0.50
     3     0     2396.00     1591.00        0.50
     3     0     2398.00     1585.00        0.50
     3     0     2402.00     1581.00        0.50
     3     0     2406.00     1575.00        0.50
     3     0     2408.00     1569.00        0.50
     3     0     2412.00     1563.00        0.50
     3     0     2416.00     1557.00        0.50
     3     0     2420.00     1549.00        0.50
     3     0     2422.00     1543.00        0.50
     3     0     2426.00     1539.00        0.50
     3     0     2428.00     1533.00        0.50
     3     0     2430.00     1527.00        0.50
     3     0     2432.00     1521.00        0.50
     3     0     2434.00     1515.00        0.50
     3     0     2436.00     1509.00        0.50
     3     0     2438.00     1503.00        0.50
     3     0     2440.00     1497.00        0.50
     3     0     2440.00     1491.00        0.50
     3     0     2442.00     1485.00        0.50
     3     0     2444.00     1477.00        0.50
     3     0     2444.00     1471.00        0.50
     3     0     2446.00     1463.00        0.50
     3     0     2448.00     1455.00        0.50
     3     0     2448.00     1449.00        0.50
     3     0     2450.00     1443.00        0.50
     3     0     2452.00     1437.00        0.50
     3     0     2456.00     1431.00        0.50
     3     0     2458.00     1425.00        0.50
     3     0     2462.00     1421.00        0.50
     3     0     2466.00     1417.00        0.50
     3     0     2468.00     1411.00        0.50
     3     0     2472.00     1407.00        0.50
     3     0     2474.00     1401.00        0.50
     3     0     2492.00     1375.00        0.50
     3     0     2498.00     1367.00        0.50
     3     0     2502.00     1361.00        0.50
     3     0     2506.00     1357.00        0.50
     3     0     2510.00     1351.00        0.50
     3     0     2514.00     1345.00        0.50
     3     0     2520.00     1337.00        0.50
     3     0     2526.00     1331.00        0.50
     3     0     2530.00     1323.00        0.50
     3     0     2536.00     1315.00        0.50
     3     0     2542.00     1309.00        0.50
     3     0     2548.00     1301.00        0.50
     3     0     2554.00     1293.00        0.50
     3     0     2558.00     1289.00        0.50
     3     0     2562.00     1283.00        0.50
     3     0     2566.00     1277.00        0.50
     3     0     2570.00     1271.00        0.50
     3     0     2574.00     1263.00        0.50
     3     0     2580.00     1257.00        0.50
     3     0     2584.00     1251.00        0.50
     3     0     2588.00     1245.00        0.50
     3     0     2592.00     1241.00        0.50
     3     0     2596.00     1237.00        0.50
     3     0     2598.00     1231.00        0.50
     3     0     2602.00     1227.00        0.50
     3     0     2606.00     1223.00        0.50
     3     0     2608.00     1217.00        0.50
     3     0     2612.00     1213.00        0.50
     3     0     2616.00     1205.00        0.50
     3     0     2622.00     1197.00        0.50
     3     0     2630.00     1187.00        0.50
     3     0     2634.00     1181.00        0.50
     3     0     2638.00     1175.00        0.50
     3     0     2642.00     1169.00        0.50
     3     0     2646.00     1165.00        0.50
     3     0     2650.00     1157.00        0.50
     3     0     2656.00     1151.00        0.50
     3     0     2660.00     1145.00        0.50
     3     0     2668.00     1137.00        0.50
     3     0     2676.00     1129.00        0.50
     3     0     2682.00     1121.00        0.50
     3     0     2692.00     1111.00        0.50
     3     0     2700.00     1103.00        0.50
     3     0     2710.00     1095.00        0.50
     3     0     2718.00     1089.00        0.50
     3     0     2726.00     1081.00        0.50
     3     0     2732.00     1075.00        0.50
     3     0     2740.00     1069.00        0.50
     3     0     2746.00     1065.00        0.50
     3     0     2752.00     1061.00        0.50
     3     0     2758.00     1055.00        0.50
     3     0     2764.00     1051.00        0.50
     3     0     2770.00     1047.00        0.50
     3     0     2776.00     1041.00        0.50
     3     0     2782.00     1037.00        0.50
     3     0     2786.00     1031.00        0.50
     3     0     2790.00     1027.00        0.50
     3     0     2796.00     1021.00        0.50
     3     0     2802.00     1015.00        0.50
     3     0     2812.00     1007.00        0.50
     3     0     2820.00     1001.00        0.50
     3     0     2832.00      993.00        0.50
     3     0     2844.00      987.00        0.50
     3     0     2858.00      981.00        0.50
     3     0     2872.00      975.00        0.50
     3     0     2884.00      969.00        0.50
     3     0     2894.00      965.00        0.50
     3     0     2904.00      963.00        0.50
     3     0     2912.00      959.00        0.50
     3     0     2920.00      955.00        0.50
     3     0     2928.00      953.00        0.50
     3     0     2938.00      951.00        0.50
     3     0     2948.00      947.00        0.50
     3     0     2958.00      945.00        0.50
     3     0     2970.00      941.00        0.50
     3     0     2980.00      939.00        0.50
     3     0     2990.00      937.00        0.50
     3     0     3006.00      937.00        0.50
     3     0     3018.00      935.00        0.50
     3     0     3030.00      933.00        0.50
     3     0     3040.00      933.00        0.50
     3     0     3052.00      933.00        0.50
     3     0     3066.00      933.00        0.50
     3     0     3072.00      933.00        0.50
     3     0     3088.00      931.00        0.50
     3     0     3104.00      931.00        0.50
     3     0     3118.00      931.00        0.50
     3     0     3132.00      931.00        0.50
     3     0     3146.00      929.00        0.50
     3     0     3162.00      929.00        0.50
     3     0     3180.00      931.00        0.50
     3     0     3192.00      931.00        0.50
     3     0     3204.00      933.00        0.50
     3     0     3214.00      935.00        0.50
     3     0     3226.00      937.00        0.50
     3     0     3238.00      941.00        0.50
     3     0     3248.00      947.00        0.50
     3     0     3254.00      951.00        0.50
     3     0     3260.00      955.00        0.50
     3     0     3268.00      959.00        0.50
     3     0     3274.00      965.00        0.50
     3     0     3280.00      969.00        0.50
     3     0     3286.00      975.00        0.50
     3     0     3294.00      981.00        0.50
     3     0     3300.00      985.00        0.50
     3     0     3306.00      989.00        0.50
     3     0     3310.00      993.00        0.50
     3     0     3316.00     1001.00        0.50
     3     0     3326.00     1009.00        0.50
     3     0     3332.00     1015.00        0.50
     3     0     3340.00     1019.00        0.50
     3     0     3346.00     1025.00        0.50
     3     0     3352.00     1031.00        0.50
     3     0     3360.00     1037.00        0.50
     3     0     3368.00     1043.00        0.50
     3     0     3376.00     1047.00        0.50
     3     0     3384.00     1055.00        0.50
     3     0     3392.00     1061.00        0.50
     3     0     3400.00     1067.00        0.50
     3     0     3406.00     1073.00        0.50
     3     0     3414.00     1079.00        0.50
     3     0     3422.00     1087.00        0.50
     3     0     3430.00     1093.00        0.50
     3     0     3438.00     1101.00        0.50
     3     0     3446.00     1109.00        0.50
     3     0     3452.00     1115.00        0.50
     3     0     3460.00     1125.00        0.50
     3     0     3468.00     1135.00        0.50
     3     0     3474.00     1145.00        0.50
     3     0     3480.00     1155.00        0.50
     3     0     3482.00     1163.00        0.50
     3     0     3484.00     1169.00        0.50
     3     0     3486.00     1177.00        0.50
     3     0     3488.00     1183.00        0.50
     3     0     3488.00     1189.00        0.50
     3     0     3488.00     1195.00        0.50
     3     0     3490.00     1203.00        0.50
     3     0     3490.00     1209.00        0.50
     3     0     3492.00     1219.00        0.50
     3     0     3494.00     1227.00        0.50
     3     0     3494.00     1235.00        0.50
     3     0     3496.00     1243.00        0.50
     3     0     3496.00     1251.00        0.50
     3     0     3498.00     1259.00        0.50
     3     0     3498.00     1271.00        0.50
     3     0     3500.00     1281.00        0.50
     3     0     3500.00     1289.00        0.50
     3     0     3502.00     1297.00        0.50
     3     0     3504.00     1305.00        0.50
     3     0     3506.00     1311.00        0.50
     3     0     3508.00     1321.00        0.50
     3     0     3508.00     1327.00        0.50
     3     0     3510.00     1335.00        0.50
     3     0     3510.00     1343.00        0.50
     3     0     3512.00     1349.00        0.50
     3     0     3512.00     1359.00        0.50
     3     0     3512.00     1369.00        0.50
     3     0     3510.00     1379.00        0.50
     3     0     3508.00     1389.00        0.50
     3     0     3504.00     1401.00        0.50
     3     0     3502.00     1411.00        0.50
     3     0     3500.00     1423.00        0.50
     3     0     3498.00     1437.00        0.50
     3     0     3494.00     1449.00        0.50
     3     0     3492.00     1459.00        0.50
     3     0     3488.00     1469.00        0.50
     3     0     3482.00     1477.00        0.50
     3     0     3478.00     1487.00        0.50
     3     0     3476.00     1495.00        0.50
     3     0     3470.00     1503.00        0.50
     3     0     3466.00     1509.00        0.50
     3     0     3462.00     1515.00        0.50
     3     0     3458.00     1523.00        0.50
     3     0     3454.00     1529.00        0.50
     3     0     3448.00     1539.00        0.50
     3     0     3444.00     1545.00        0.50
     3     0     3440.00     1551.00        0.50
     3     0     3436.00     1555.00        0.50
     3     0     3430.00     1561.00        0.50
     3     0     3424.00     1567.00        0.50
     3     0     3414.00     1573.00        0.50
     3     0     3408.00     1579.00        0.50
     3     0     3404.00     1585.00        0.50
     3     0     3398.00     1589.00        0.50
     3     0     3390.00     1595.00        0.50
     3     0     3384.00     1603.00        0.50
     3     0     3374.00     1611.00        0.50
     3     0     3368.00     1617.00        0.50
     3     0     3360.00     1623.00        0.50
     3     0     3352.00     1631.00        0.50
     3     0     3346.00     1635.00        0.50
     3     0     3338.00     1641.00        0.50
     3     0     3330.00     1649.00        0.50
     3     0     3324.00     1657.00        0.50
     3     0     3316.00     1665.00        0.50
     3     0     3308.00     1673.00        0.50
     3     0     3300.00     1681.00        0.50
     3     0     3292.00     1687.00        0.50
     3     0     3284.00     1695.00        0.50
     3     0     3276.00     1703.00        0.50
     3     0     3268.00     1709.00        0.50
     3     0     3262.00     1711.00        0.50
     3     0     3256.00     1713.00        0.50
     3     0     3250.00     1717.00        0.50
     3     0     3244.00     1719.00        0.50
     3     0     3238.00     1723.00        0.50
     3     0     3234.00     1727.00        0.50
     3     0     3228.00     1729.00        0.50
     3     0     3222.00     1731.00        0.50
     3     0     3218.00     1735.00        0.50
