     0     0      458.33     2609.33        0.50
     0     0      451.67     2605.33        0.50
     0     0      447.67     2604.00        0.50
     0     0      443.67     2602.67        0.50
     0     0      441.00     2600.00        0.50
     0     0      437.00     2598.67        0.50
     0     0      433.00     2597.33        0.50
     0     0      430.33     2594.67        0.50
     0     0      426.33     2593.33        0.50
     0     0      423.67     2590.67        0.50
     0     0      421.00     2588.00        0.50
     0     0      418.33     2585.33        0.50
     0     0      414.33     2584.00        0.50
     0     0      411.67     2581.33        0.50
     0     0      409.00     2578.67        0.50
     0     0      406.33     2576.00        0.50
     0     0      403.67     2573.33        0.50
     0     0      402.33     2569.33        0.50
     0     0      399.67     2566.67        0.50
     0     0      398.33     2562.67        0.50
     0     0      397.00     2558.67        0.50
     0     0      394.33     2554.67        0.50
     0     0      393.00     2550.67        0.50
     0     0      391.67     2546.67        0.50
     0     0      389.00     2542.67        0.50
     0     0      387.67     2538.67        0.50
     0     0      385.00     2536.00        0.50
     0     0      385.00     2532.00        0.50
     0     0      382.33     2529.33        0.50
     0     0      381.00     2525.33        0.50
     0     0      379.67     2521.33        0.50
     0     0      378.33     2517.33        0.50
     0     0      375.67     2514.67        0.50
     0     0      375.67     2510.67        0.50
     0     0      374.33     2506.67        0.50
     0     0      374.33     2502.67        0.50
     0     0      374.33     2498.67        0.50
     0     0      374.33     2494.67        0.50
     0     0      374.33     2490.67        0.50
     0     0      374.33     2486.67        0.50
     0     0      374.33     2482.67        0.50
     0     0      373.00     2478.67        0.50
     0     0      373.00     2474.67        0.50
     0     0      373.00     2470.67        0.50
     0     0      371.67     2466.67        0.50
     0     0      370.33     2462.67        0.50
     0     0      369.00     2458.67        0.50
     0     0      367.67     2454.67        0.50
     0     0      366.33     2449.33        0.50
     0     0      365.00     2445.33        0.50
     0     0      363.67     2441.33        0.50
     0     0      362.33     2437.33        0.50
     0     0      362.33     2433.33        0.50
     0     0      361.00     2429.33        0.50
     0     0      361.00     2424.00        0.50
     0     0      361.00     2420.00        0.50
     0     0      361.00     2416.00        0.50
     0     0      361.00     2410.67        0.50
     0     0      362.33     2406.67        0.50
     0     0      362.33     2402.67        0.50
     0     0      363.67     2397.33        0.50
     0     0      363.67     2393.33        0.50
     0     0      365.00     2389.33        0.50
     0     0      366.33     2385.33        0.50
     0     0      367.67     2381.33        0.50
     0     0      367.67     2377.33        0.50
     0     0      369.00     2373.33        0.50
     0     0      370.33     2369.33        0.50
     0     0      370.33     2365.33        0.50
     0     0      371.67     2361.33        0.50
     0     0      373.00     2357.33        0.50
     0     0      375.67     2353.33        0.50
     0     0      377.00     2349.33        0.50
     0     0      379.67     2345.33        0.50
     0     0      381.00     2341.33        0.50
     0     0      383.67     2337.33        0.50
     0     0      386.33     2334.67        0.50
     0     0      389.00     2330.67        0.50
     0     0      391.67     2328.00        0.50
     0     0      395.67     2324.00        0.50
     0     0      401.00     2320.00        0.50
     0     0      405.00     2314.67        0.50
     0     0      411.67     2308.00        0.50
     0     0      415.67     2305.33        0.50
     0     0      419.67     2302.67        0.50
     0     0      422.33     2300.00        0.50
     0     0      426.33     2298.67        0.50
     0     0      430.33     2297.33        0.50
     0     0      434.33     2296.00        0.50
     0     0      439.67     2294.67        0.50
     0     0      443.67     2292.00        0.50
     0     0      449.00     2290.67        0.50
     0     0      454.33     2289.33        0.50
     0     0      461.00     2286.67        0.50
     0     0      467.67     2285.33        0.50
     0     0      471.67     2284.00        0.50
     0     0      477.00     2284.00        0.50
     0     0      481.00     2282.67        0.50
     0     0      486.33     2282.67        0.50
     0     0      490.33     2282.67        0.50
     0     0      494.33     2281.33        0.50
     0     0      498.33     2281.33        0.50
     0     0      502.33     2281.33        0.50
     0     0      507.67     2282.67        0.50
     0     0      511.67     2282.67        0.50
     0     0      515.67     2282.67        0.50
     0     0      519.67     2284.00        0.50
     0     0      523.67     2286.67        0.50
     0     0      527.67     2288.00        0.50
     0     0      531.67     2290.67        0.50
     0     0      535.67     2293.33        0.50
     0     0      539.67     2297.33        0.50
     0     0      543.67     2302.67        0.50
     0     0      546.33     2305.33        0.50
     0     0      549.00     2309.33        0.50
     0     0      551.67     2313.33        0.50
     0     0      554.33     2317.33        0.50
     0     0      557.00     2320.00        0.50
     0     0      559.67     2324.00        0.50
     0     0      562.33     2326.67        0.50
     0     0      565.00     2329.33        0.50
     0     0      567.67     2333.33        0.50
     0     0      570.33     2337.33        0.50
     0     0      574.33     2342.67        0.50
     0     0      578.33     2345.33        0.50
     0     0      581.00     2349.33        0.50
     0     0      585.00     2353.33        0.50
     0     0      589.00     2357.33        0.50
     0     0      593.00     2362.67        0.50
     0     0      595.67     2366.67        0.50
     0     0      598.33     2372.00        0.50
     0     0      602.33     2377.33        0.50
     0     0      605.00     2381.33        0.50
     0     0      607.67     2386.67        0.50
     0     0      610.33     2392.00        0.50
     0     0      613.00     2397.33        0.50
     0     0      615.67     2402.67        0.50
     0     0      618.33     2408.00        0.50
     0     0      621.00     2412.00        0.50
     0     0      622.33     2417.33        0.50
     0     0      625.00     2422.67        0.50
     0     0      625.00     2426.67        0.50
     0     0      626.33     2433.33        0.50
     0     0      626.33     2437.33        0.50
     0     0      627.67     2442.67        0.50
     0     0      627.67     2448.00        0.50
     0     0      627.67     2453.33        0.50
     0     0      627.67     2458.67        0.50
     0     0      629.00     2468.00        0.50
     0     0      629.00     2474.67        0.50
     0     0      629.00     2480.00        0.50
     0     0      627.67     2486.67        0.50
     0     0      627.67     2493.33        0.50
     0     0      627.67     2498.67        0.50
     0     0      626.33     2506.67        0.50
     0     0      625.00     2513.33        0.50
     0     0      623.67     2518.67        0.50
     0     0      621.00     2525.33        0.50
     0     0      619.67     2530.67        0.50
     0     0      615.67     2536.00        0.50
     0     0      613.00     2541.33        0.50
     0     0      610.33     2546.67        0.50
     0     0      607.67     2550.67        0.50
     0     0      605.00     2554.67        0.50
     0     0      602.33     2557.33        0.50
     0     0      598.33     2560.00        0.50
     0     0      593.00     2565.33        0.50
     0     0      587.67     2568.00        0.50
     0     0      582.33     2573.33        0.50
     0     0      577.00     2577.33        0.50
     0     0      570.33     2581.33        0.50
     0     0      565.00     2584.00        0.50
     0     0      559.67     2588.00        0.50
     0     0      554.33     2590.67        0.50
     0     0      550.33     2594.67        0.50
     0     0      545.00     2597.33        0.50
     0     0      541.00     2598.67        0.50
     0     0      534.33     2601.33        0.50
     0     0      530.33     2602.67        0.50
     0     0      523.67     2606.67        0.50
     0     0      517.00     2608.00        0.50
     0     0      511.67     2609.33        0.50
     0     0      507.67     2609.33        0.50
     0     0      502.33     2610.67        0.50
     0     0      498.33     2612.00        0.50
     0     0      494.33     2613.33        0.50
     0     0      490.33     2613.33        0.50
     0     0      486.33     2614.67        0.50
     0     0      482.33     2614.67        0.50
     0     0      478.33     2614.67        0.50
     0     0      474.33     2614.67        0.50
     0     0      470.33     2614.67        0.50
     0     0      467.67     2612.00        0.50
     0     1      777.00     2672.00        0.50
     0     1      770.33     2669.33        0.50
     0     1      766.33     2666.67        0.50
     0     1      762.33     2664.00        0.50
     0     1      758.33     2662.67        0.50
     0     1      755.67     2660.00        0.50
     0     1      751.67     2657.33        0.50
     0     1      749.00     2654.67        0.50
     0     1      746.33     2652.00        0.50
     0     1      742.33     2650.67        0.50
     0     1      739.67     2648.00        0.50
     0     1      737.00     2645.33        0.50
     0     1      735.67     2641.33        0.50
     0     1      733.00     2638.67        0.50
     0     1      730.33     2636.00        0.50
     0     1      727.67     2632.00        0.50
     0     1      725.00     2629.33        0.50
     0     1      723.67     2625.33        0.50
     0     1      721.00     2622.67        0.50
     0     1      718.33     2618.67        0.50
     0     1      715.67     2614.67        0.50
     0     1      714.33     2610.67        0.50
     0     1      711.67     2608.00        0.50
     0     1      710.33     2604.00        0.50
     0     1      709.00     2600.00        0.50
     0     1      706.33     2594.67        0.50
     0     1      703.67     2589.33        0.50
     0     1      701.00     2582.67        0.50
     0     1      699.67     2576.00        0.50
     0     1      699.67     2572.00        0.50
     0     1      698.33     2568.00        0.50
     0     1      698.33     2564.00        0.50
     0     1      697.00     2560.00        0.50
     0     1      697.00     2554.67        0.50
     0     1      697.00     2550.67        0.50
     0     1      697.00     2546.67        0.50
     0     1      697.00     2542.67        0.50
     0     1      697.00     2538.67        0.50
     0     1      698.33     2534.67        0.50
     0     1      699.67     2529.33        0.50
     0     1      701.00     2522.67        0.50
     0     1      702.33     2518.67        0.50
     0     1      703.67     2513.33        0.50
     0     1      706.33     2508.00        0.50
     0     1      707.67     2502.67        0.50
     0     1      709.00     2498.67        0.50
     0     1      710.33     2493.33        0.50
     0     1      711.67     2488.00        0.50
     0     1      713.00     2482.67        0.50
     0     1      714.33     2478.67        0.50
     0     1      715.67     2474.67        0.50
     0     1      717.00     2470.67        0.50
     0     1      719.67     2466.67        0.50
     0     1      721.00     2462.67        0.50
     0     1      723.67     2458.67        0.50
     0     1      725.00     2454.67        0.50
     0     1      727.67     2452.00        0.50
     0     1      729.00     2448.00        0.50
     0     1      731.67     2444.00        0.50
     0     1      734.33     2440.00        0.50
     0     1      737.00     2436.00        0.50
     0     1      738.33     2432.00        0.50
     0     1      741.00     2428.00        0.50
     0     1      745.00     2422.67        0.50
     0     1      747.67     2418.67        0.50
     0     1      751.67     2416.00        0.50
     0     1      754.33     2412.00        0.50
     0     1      757.00     2408.00        0.50
     0     1      761.00     2404.00        0.50
     0     1      763.67     2400.00        0.50
     0     1      767.67     2396.00        0.50
     0     1      770.33     2393.33        0.50
     0     1      773.00     2390.67        0.50
     0     1      775.67     2388.00        0.50
     0     1      779.67     2384.00        0.50
     0     1      783.67     2378.67        0.50
     0     1      786.33     2374.67        0.50
     0     1      790.33     2372.00        0.50
     0     1      793.00     2369.33        0.50
     0     1      795.67     2365.33        0.50
     0     1      798.33     2362.67        0.50
     0     1      801.00     2358.67        0.50
     0     1      806.33     2354.67        0.50
     0     1      811.67     2350.67        0.50
     0     1      817.00     2346.67        0.50
     0     1      822.33     2344.00        0.50
     0     1      826.33     2341.33        0.50
     0     1      830.33     2340.00        0.50
     0     1      835.67     2338.67        0.50
     0     1      841.00     2337.33        0.50
     0     1      845.00     2336.00        0.50
     0     1      849.00     2334.67        0.50
     0     1      853.00     2334.67        0.50
     0     1      857.00     2333.33        0.50
     0     1      861.00     2332.00        0.50
     0     1      865.00     2332.00        0.50
     0     1      869.00     2330.67        0.50
     0     1      873.00     2329.33        0.50
     0     1      877.00     2329.33        0.50
     0     1      882.33     2329.33        0.50
     0     1      887.67     2329.33        0.50
     0     1      891.67     2330.67        0.50
     0     1      895.67     2330.67        0.50
     0     1      901.00     2332.00        0.50
     0     1      906.33     2333.33        0.50
     0     1      910.33     2334.67        0.50
     0     1      914.33     2337.33        0.50
     0     1      918.33     2338.67        0.50
     0     1      922.33     2340.00        0.50
     0     1      926.33     2341.33        0.50
     0     1      930.33     2344.00        0.50
     0     1      933.00     2346.67        0.50
     0     1      937.00     2349.33        0.50
     0     1      939.67     2352.00        0.50
     0     1      943.67     2354.67        0.50
     0     1      946.33     2357.33        0.50
     0     1      949.00     2360.00        0.50
     0     1      951.67     2362.67        0.50
     0     1      955.67     2366.67        0.50
     0     1      959.67     2369.33        0.50
     0     1      962.33     2372.00        0.50
     0     1      966.33     2374.67        0.50
     0     1      969.00     2377.33        0.50
     0     1      971.67     2380.00        0.50
     0     1      974.33     2382.67        0.50
     0     1      978.33     2385.33        0.50
     0     1      982.33     2388.00        0.50
     0     1      985.00     2392.00        0.50
     0     1      989.00     2396.00        0.50
     0     1      993.00     2400.00        0.50
     0     1      995.67     2404.00        0.50
     0     1      998.33     2408.00        0.50
     0     1      999.67     2412.00        0.50
     0     1     1002.33     2414.67        0.50
     0     1     1003.67     2418.67        0.50
     0     1     1005.00     2422.67        0.50
     0     1     1006.33     2426.67        0.50
     0     1     1007.67     2430.67        0.50
     0     1     1007.67     2434.67        0.50
     0     1     1007.67     2438.67        0.50
     0     1     1009.00     2442.67        0.50
     0     1     1009.00     2446.67        0.50
     0     1     1009.00     2450.67        0.50
     0     1     1009.00     2454.67        0.50
     0     1     1009.00     2458.67        0.50
     0     1     1009.00     2462.67        0.50
     0     1     1009.00     2466.67        0.50
     0     1     1009.00     2470.67        0.50
     0     1     1007.67     2476.00        0.50
     0     1     1007.67     2481.33        0.50
     0     1     1006.33     2485.33        0.50
     0     1     1006.33     2490.67        0.50
     0     1     1005.00     2496.00        0.50
     0     1     1005.00     2502.67        0.50
     0     1     1003.67     2506.67        0.50
     0     1     1003.67     2512.00        0.50
     0     1     1002.33     2518.67        0.50
     0     1     1001.00     2525.33        0.50
     0     1     1001.00     2529.33        0.50
     0     1      999.67     2534.67        0.50
     0     1      998.33     2541.33        0.50
     0     1      997.00     2546.67        0.50
     0     1      995.67     2550.67        0.50
     0     1      994.33     2557.33        0.50
     0     1      991.67     2562.67        0.50
     0     1      989.00     2568.00        0.50
     0     1      986.33     2573.33        0.50
     0     1      983.67     2578.67        0.50
     0     1      982.33     2584.00        0.50
     0     1      978.33     2589.33        0.50
     0     1      975.67     2593.33        0.50
     0     1      973.00     2597.33        0.50
     0     1      970.33     2602.67        0.50
     0     1      967.67     2606.67        0.50
     0     1      963.67     2610.67        0.50
     0     1      961.00     2613.33        0.50
     0     1      958.33     2617.33        0.50
     0     1      955.67     2620.00        0.50
     0     1      951.67     2624.00        0.50
     0     1      947.67     2626.67        0.50
     0     1      945.00     2630.67        0.50
     0     1      941.00     2633.33        0.50
     0     1      937.00     2637.33        0.50
     0     1      933.00     2641.33        0.50
     0     1      927.67     2644.00        0.50
     0     1      923.67     2648.00        0.50
     0     1      919.67     2652.00        0.50
     0     1      915.67     2654.67        0.50
     0     1      911.67     2658.67        0.50
     0     1      905.00     2661.33        0.50
     0     1      899.67     2665.33        0.50
     0     1      893.00     2668.00        0.50
     0     1      887.67     2670.67        0.50
     0     1      882.33     2672.00        0.50
     0     1      877.00     2673.33        0.50
     0     1      870.33     2676.00        0.50
     0     1      863.67     2677.33        0.50
     0     1      858.33     2678.67        0.50
     0     1      853.00     2678.67        0.50
     0     1      846.33     2680.00        0.50
     0     1      841.00     2680.00        0.50
     0     1      835.67     2680.00        0.50
     0     1      829.00     2680.00        0.50
     0     1      823.67     2681.33        0.50
     0     1      819.67     2681.33        0.50
     0     1      815.67     2681.33        0.50
     0     1      811.67     2681.33        0.50
     0     1      807.67     2680.00        0.50
     0     1      803.67     2680.00        0.50
     0     1      799.67     2678.67        0.50
     0     1      795.67     2677.33        0.50
     0     1      791.67     2676.00        0.50
     0     2     1051.67     2948.00        0.50
     0     2     1047.67     2949.33        0.50
     0     2     1045.00     2952.00        0.50
     0     2     1041.00     2953.33        0.50
     0     2     1037.00     2956.00        0.50
     0     2     1034.33     2958.67        0.50
     0     2     1030.33     2960.00        0.50
     0     2     1027.67     2962.67        0.50
     0     2     1025.00     2965.33        0.50
     0     2     1022.33     2968.00        0.50
     0     2     1019.67     2970.67        0.50
     0     2     1017.00     2973.33        0.50
     0     2     1014.33     2976.00        0.50
     0     2     1011.67     2978.67        0.50
     0     2     1009.00     2981.33        0.50
     0     2     1006.33     2984.00        0.50
     0     2     1003.67     2988.00        0.50
     0     2     1001.00     2990.67        0.50
     0     2      998.33     2993.33        0.50
     0     2      995.67     2996.00        0.50
     0     2      991.67     2998.67        0.50
     0     2      989.00     3002.67        0.50
     0     2      985.00     3005.33        0.50
     0     2      982.33     3008.00        0.50
     0     2      978.33     3010.67        0.50
     0     2      975.67     3013.33        0.50
     0     2      971.67     3014.67        0.50
     0     2      969.00     3017.33        0.50
     0     2      965.00     3020.00        0.50
     0     2      961.00     3022.67        0.50
     0     2      957.00     3025.33        0.50
     0     2      953.00     3026.67        0.50
     0     2      949.00     3029.33        0.50
     0     2      945.00     3030.67        0.50
     0     2      941.00     3032.00        0.50
     0     2      937.00     3033.33        0.50
     0     2      933.00     3033.33        0.50
     0     2      929.00     3034.67        0.50
     0     2      925.00     3034.67        0.50
     0     2      919.67     3036.00        0.50
     0     2      915.67     3036.00        0.50
     0     2      911.67     3037.33        0.50
     0     2      907.67     3037.33        0.50
     0     2      902.33     3038.67        0.50
     0     2      897.00     3038.67        0.50
     0     2      893.00     3038.67        0.50
     0     2      889.00     3038.67        0.50
     0     2      883.67     3038.67        0.50
     0     2      879.67     3038.67        0.50
     0     2      874.33     3037.33        0.50
     0     2      870.33     3037.33        0.50
     0     2      865.00     3037.33        0.50
     0     2      861.00     3036.00        0.50
     0     2      857.00     3034.67        0.50
     0     2      853.00     3034.67        0.50
     0     2      849.00     3033.33        0.50
     0     2      845.00     3032.00        0.50
     0     2      841.00     3030.67        0.50
     0     2      837.00     3029.33        0.50
     0     2      833.00     3028.00        0.50
     0     2      830.33     3025.33        0.50
     0     2      826.33     3024.00        0.50
     0     2      822.33     3022.67        0.50
     0     2      819.67     3020.00        0.50
     0     2      815.67     3018.67        0.50
     0     2      813.00     3016.00        0.50
     0     2      810.33     3013.33        0.50
     0     2      807.67     3010.67        0.50
     0     2      803.67     3009.33        0.50
     0     2      801.00     3005.33        0.50
     0     2      798.33     3002.67        0.50
     0     2      795.67     3000.00        0.50
     0     2      793.00     2997.33        0.50
     0     2      790.33     2993.33        0.50
     0     2      787.67     2989.33        0.50
     0     2      785.00     2985.33        0.50
     0     2      783.67     2981.33        0.50
     0     2      781.00     2978.67        0.50
     0     2      779.67     2974.67        0.50
     0     2      778.33     2970.67        0.50
     0     2      777.00     2966.67        0.50
     0     2      774.33     2964.00        0.50
     0     2      773.00     2960.00        0.50
     0     2      771.67     2956.00        0.50
     0     2      769.00     2953.33        0.50
     0     2      767.67     2949.33        0.50
     0     2      766.33     2945.33        0.50
     0     2      765.00     2941.33        0.50
     0     2      763.67     2937.33        0.50
     0     2      761.00     2933.33        0.50
     0     2      759.67     2929.33        0.50
     0     2      758.33     2925.33        0.50
     0     2      757.00     2921.33        0.50
     0     2      755.67     2917.33        0.50
     0     2      755.67     2913.33        0.50
     0     2      754.33     2909.33        0.50
     0     2      753.00     2905.33        0.50
     0     2      751.67     2901.33        0.50
     0     2      751.67     2897.33        0.50
     0     2      751.67     2893.33        0.50
     0     2      751.67     2889.33        0.50
     0     2      751.67     2885.33        0.50
     0     2      751.67     2881.33        0.50
     0     2      751.67     2877.33        0.50
     0     2      753.00     2873.33        0.50
     0     2      753.00     2869.33        0.50
     0     2      754.33     2865.33        0.50
     0     2      755.67     2861.33        0.50
     0     2      757.00     2854.67        0.50
     0     2      759.67     2850.67        0.50
     0     2      761.00     2846.67        0.50
     0     2      763.67     2842.67        0.50
     0     2      765.00     2838.67        0.50
     0     2      767.67     2836.00        0.50
     0     2      770.33     2830.67        0.50
     0     2      773.00     2826.67        0.50
     0     2      775.67     2822.67        0.50
     0     2      779.67     2818.67        0.50
     0     2      783.67     2813.33        0.50
     0     2      787.67     2810.67        0.50
     0     2      793.00     2806.67        0.50
     0     2      797.00     2804.00        0.50
     0     2      801.00     2801.33        0.50
     0     2      805.00     2800.00        0.50
     0     2      809.00     2797.33        0.50
     0     2      813.00     2796.00        0.50
     0     2      817.00     2794.67        0.50
     0     2      822.33     2792.00        0.50
     0     2      827.67     2790.67        0.50
     0     2      831.67     2788.00        0.50
     0     2      837.00     2786.67        0.50
     0     2      842.33     2785.33        0.50
     0     2      846.33     2782.67        0.50
     0     2      851.67     2781.33        0.50
     0     2      855.67     2780.00        0.50
     0     2      859.67     2777.33        0.50
     0     2      863.67     2776.00        0.50
     0     2      869.00     2773.33        0.50
     0     2      874.33     2772.00        0.50
     0     2      878.33     2770.67        0.50
     0     2      883.67     2769.33        0.50
     0     2      887.67     2768.00        0.50
     0     2      891.67     2766.67        0.50
     0     2      895.67     2765.33        0.50
     0     2      899.67     2765.33        0.50
     0     2      903.67     2765.33        0.50
     0     2      907.67     2765.33        0.50
     0     2      911.67     2765.33        0.50
     0     2      915.67     2765.33        0.50
     0     2      919.67     2765.33        0.50
     0     2      923.67     2765.33        0.50
     0     2      927.67     2766.67        0.50
     0     2      931.67     2766.67        0.50
     0     2      935.67     2768.00        0.50
     0     2      939.67     2769.33        0.50
     0     2      943.67     2770.67        0.50
     0     2      947.67     2772.00        0.50
     0     2      951.67     2773.33        0.50
     0     2      955.67     2774.67        0.50
     0     2      959.67     2776.00        0.50
     0     2      963.67     2777.33        0.50
     0     2      966.33     2780.00        0.50
     0     2      970.33     2781.33        0.50
     0     2      974.33     2782.67        0.50
     0     2      978.33     2784.00        0.50
     0     2      982.33     2785.33        0.50
     0     2      985.00     2788.00        0.50
     0     2      989.00     2789.33        0.50
     0     2      993.00     2790.67        0.50
     0     2      997.00     2792.00        0.50
     0     2      999.67     2794.67        0.50
     1     0      462.33     2569.33        0.50
     1     0      455.67     2566.67        0.50
     1     0      453.00     2564.00        0.50
     1     0      449.00     2561.33        0.50
     1     0      445.00     2560.00        0.50
     1     0      442.33     2557.33        0.50
     1     0      439.67     2554.67        0.50
     1     0      437.00     2552.00        0.50
     1     0      434.33     2549.33        0.50
     1     0      431.67     2546.67        0.50
     1     0      429.00     2544.00        0.50
     1     0      427.67     2540.00        0.50
     1     0      425.00     2537.33        0.50
     1     0      422.33     2534.67        0.50
     1     0      421.00     2530.67        0.50
     1     0      418.33     2526.67        0.50
     1     0      417.00     2522.67        0.50
     1     0      414.33     2518.67        0.50
     1     0      411.67     2514.67        0.50
     1     0      410.33     2510.67        0.50
     1     0      407.67     2506.67        0.50
     1     0      406.33     2502.67        0.50
     1     0      405.00     2498.67        0.50
     1     0      403.67     2494.67        0.50
     1     0      402.33     2490.67        0.50
     1     0      401.00     2486.67        0.50
     1     0      399.67     2482.67        0.50
     1     0      398.33     2478.67        0.50
     1     0      397.00     2474.67        0.50
     1     0      395.67     2470.67        0.50
     1     0      395.67     2466.67        0.50
     1     0      395.67     2462.67        0.50
     1     0      394.33     2457.33        0.50
     1     0      394.33     2452.00        0.50
     1     0      394.33     2445.33        0.50
     1     0      394.33     2440.00        0.50
     1     0      394.33     2434.67        0.50
     1     0      394.33     2428.00        0.50
     1     0      394.33     2422.67        0.50
     1     0      394.33     2417.33        0.50
     1     0      395.67     2410.67        0.50
     1     0      395.67     2406.67        0.50
     1     0      395.67     2400.00        0.50
     1     0      397.00     2394.67        0.50
     1     0      397.00     2388.00        0.50
     1     0      398.33     2384.00        0.50
     1     0      399.67     2378.67        0.50
     1     0      399.67     2374.67        0.50
     1     0      401.00     2370.67        0.50
     1     0      402.33     2366.67        0.50
     1     0      403.67     2362.67        0.50
     1     0      406.33     2360.00        0.50
     1     0      407.67     2356.00        0.50
     1     0      410.33     2353.33        0.50
     1     0      413.00     2349.33        0.50
     1     0      415.67     2346.67        0.50
     1     0      418.33     2344.00        0.50
     1     0      421.00     2341.33        0.50
     1     0      423.67     2338.67        0.50
     1     0      426.33     2336.00        0.50
     1     0      429.00     2333.33        0.50
     1     0      433.00     2332.00        0.50
     1     0      437.00     2330.67        0.50
     1     0      441.00     2328.00        0.50
     1     0      445.00     2326.67        0.50
     1     0      449.00     2326.67        0.50
     1     0      453.00     2325.33        0.50
     1     0      457.00     2325.33        0.50
     1     0      461.00     2325.33        0.50
     1     0      465.00     2325.33        0.50
     1     0      469.00     2325.33        0.50
     1     0      473.00     2325.33        0.50
     1     0      477.00     2325.33        0.50
     1     0      481.00     2325.33        0.50
     1     0      485.00     2325.33        0.50
     1     0      489.00     2326.67        0.50
     1     0      493.00     2326.67        0.50
     1     0      497.00     2328.00        0.50
     1     0      501.00     2328.00        0.50
     1     0      505.00     2329.33        0.50
     1     0      509.00     2332.00        0.50
     1     0      513.00     2333.33        0.50
     1     0      517.00     2336.00        0.50
     1     0      521.00     2337.33        0.50
     1     0      523.67     2340.00        0.50
     1     0      527.67     2342.67        0.50
     1     0      531.67     2345.33        0.50
     1     0      534.33     2348.00        0.50
     1     0      537.00     2350.67        0.50
     1     0      541.00     2353.33        0.50
     1     0      543.67     2356.00        0.50
     1     0      547.67     2361.33        0.50
     1     0      550.33     2364.00        0.50
     1     0      553.00     2368.00        0.50
     1     0      557.00     2372.00        0.50
     1     0      559.67     2376.00        0.50
     1     0      562.33     2380.00        0.50
     1     0      565.00     2384.00        0.50
     1     0      567.67     2388.00        0.50
     1     0      569.00     2392.00        0.50
     1     0      571.67     2394.67        0.50
     1     0      574.33     2398.67        0.50
     1     0      575.67     2402.67        0.50
     1     0      578.33     2406.67        0.50
     1     0      579.67     2410.67        0.50
     1     0      582.33     2414.67        0.50
     1     0      583.67     2418.67        0.50
     1     0      585.00     2422.67        0.50
     1     0      586.33     2426.67        0.50
     1     0      587.67     2430.67        0.50
     1     0      589.00     2434.67        0.50
     1     0      589.00     2438.67        0.50
     1     0      590.33     2442.67        0.50
     1     0      591.67     2448.00        0.50
     1     0      593.00     2454.67        0.50
     1     0      593.00     2458.67        0.50
     1     0      594.33     2464.00        0.50
     1     0      594.33     2468.00        0.50
     1     0      595.67     2473.33        0.50
     1     0      595.67     2477.33        0.50
     1     0      597.00     2482.67        0.50
     1     0      597.00     2486.67        0.50
     1     0      597.00     2492.00        0.50
     1     0      597.00     2497.33        0.50
     1     0      597.00     2501.33        0.50
     1     0      597.00     2505.33        0.50
     1     0      595.67     2509.33        0.50
     1     0      593.00     2512.00        0.50
     1     0      591.67     2516.00        0.50
     1     0      589.00     2520.00        0.50
     1     0      586.33     2522.67        0.50
     1     0      585.00     2526.67        0.50
     1     0      581.00     2530.67        0.50
     1     0      575.67     2537.33        0.50
     1     0      571.67     2541.33        0.50
     1     0      567.67     2545.33        0.50
     1     0      563.67     2549.33        0.50
     1     0      558.33     2554.67        0.50
     1     0      554.33     2558.67        0.50
     1     0      549.00     2562.67        0.50
     1     0      545.00     2566.67        0.50
     1     0      541.00     2569.33        0.50
     1     0      537.00     2570.67        0.50
     1     0      531.67     2574.67        0.50
     1     0      525.00     2577.33        0.50
     1     0      521.00     2578.67        0.50
     1     0      517.00     2580.00        0.50
     1     0      513.00     2581.33        0.50
     1     0      509.00     2581.33        0.50
     1     0      505.00     2582.67        0.50
     1     0      501.00     2584.00        0.50
     1     0      497.00     2584.00        0.50
     1     0      493.00     2584.00        0.50
     1     0      489.00     2582.67        0.50
     1     0      485.00     2581.33        0.50
     1     0      481.00     2580.00        0.50
     1     1      822.33     2644.00        0.50
     1     1      815.67     2642.67        0.50
     1     1      811.67     2641.33        0.50
     1     1      807.67     2640.00        0.50
     1     1      803.67     2638.67        0.50
     1     1      799.67     2637.33        0.50
     1     1      795.67     2636.00        0.50
     1     1      791.67     2634.67        0.50
     1     1      787.67     2632.00        0.50
     1     1      783.67     2630.67        0.50
     1     1      779.67     2628.00        0.50
     1     1      775.67     2626.67        0.50
     1     1      773.00     2624.00        0.50
     1     1      770.33     2621.33        0.50
     1     1      767.67     2618.67        0.50
     1     1      763.67     2616.00        0.50
     1     1      759.67     2610.67        0.50
     1     1      757.00     2606.67        0.50
     1     1      754.33     2602.67        0.50
     1     1      751.67     2598.67        0.50
     1     1      749.00     2594.67        0.50
     1     1      746.33     2592.00        0.50
     1     1      745.00     2588.00        0.50
     1     1      743.67     2584.00        0.50
     1     1      741.00     2580.00        0.50
     1     1      739.67     2576.00        0.50
     1     1      738.33     2572.00        0.50
     1     1      737.00     2568.00        0.50
     1     1      735.67     2564.00        0.50
     1     1      734.33     2560.00        0.50
     1     1      734.33     2556.00        0.50
     1     1      734.33     2552.00        0.50
     1     1      734.33     2548.00        0.50
     1     1      734.33     2544.00        0.50
     1     1      734.33     2540.00        0.50
     1     1      734.33     2536.00        0.50
     1     1      735.67     2532.00        0.50
     1     1      735.67     2528.00        0.50
     1     1      737.00     2524.00        0.50
     1     1      738.33     2520.00        0.50
     1     1      738.33     2516.00        0.50
     1     1      739.67     2512.00        0.50
     1     1      741.00     2508.00        0.50
     1     1      741.00     2504.00        0.50
     1     1      742.33     2500.00        0.50
     1     1      743.67     2496.00        0.50
     1     1      745.00     2492.00        0.50
     1     1      746.33     2488.00        0.50
     1     1      747.67     2482.67        0.50
     1     1      747.67     2478.67        0.50
     1     1      750.33     2473.33        0.50
     1     1      751.67     2468.00        0.50
     1     1      753.00     2461.33        0.50
     1     1      754.33     2456.00        0.50
     1     1      757.00     2449.33        0.50
     1     1      758.33     2445.33        0.50
     1     1      761.00     2442.67        0.50
     1     1      763.67     2440.00        0.50
     1     1      765.00     2436.00        0.50
     1     1      769.00     2433.33        0.50
     1     1      771.67     2430.67        0.50
     1     1      775.67     2426.67        0.50
     1     1      779.67     2422.67        0.50
     1     1      783.67     2420.00        0.50
     1     1      787.67     2417.33        0.50
     1     1      793.00     2413.33        0.50
     1     1      795.67     2410.67        0.50
     1     1      799.67     2406.67        0.50
     1     1      805.00     2402.67        0.50
     1     1      809.00     2398.67        0.50
     1     1      813.00     2394.67        0.50
     1     1      818.33     2390.67        0.50
     1     1      822.33     2388.00        0.50
     1     1      826.33     2385.33        0.50
     1     1      830.33     2382.67        0.50
     1     1      834.33     2380.00        0.50
     1     1      838.33     2378.67        0.50
     1     1      842.33     2377.33        0.50
     1     1      846.33     2374.67        0.50
     1     1      850.33     2373.33        0.50
     1     1      854.33     2372.00        0.50
     1     1      858.33     2370.67        0.50
     1     1      862.33     2369.33        0.50
     1     1      866.33     2369.33        0.50
     1     1      870.33     2369.33        0.50
     1     1      874.33     2369.33        0.50
     1     1      878.33     2369.33        0.50
     1     1      882.33     2372.00        0.50
     1     1      886.33     2373.33        0.50
     1     1      890.33     2374.67        0.50
     1     1      894.33     2377.33        0.50
     1     1      898.33     2378.67        0.50
     1     1      902.33     2381.33        0.50
     1     1      906.33     2384.00        0.50
     1     1      910.33     2386.67        0.50
     1     1      914.33     2388.00        0.50
     1     1      917.00     2390.67        0.50
     1     1      919.67     2393.33        0.50
     1     1      923.67     2394.67        0.50
     1     1      926.33     2397.33        0.50
     1     1      929.00     2400.00        0.50
     1     1      933.00     2404.00        0.50
     1     1      935.67     2406.67        0.50
     1     1      938.33     2409.33        0.50
     1     1      941.00     2413.33        0.50
     1     1      943.67     2416.00        0.50
     1     1      946.33     2421.33        0.50
     1     1      949.00     2425.33        0.50
     1     1      950.33     2429.33        0.50
     1     1      953.00     2433.33        0.50
     1     1      954.33     2437.33        0.50
     1     1      955.67     2441.33        0.50
     1     1      957.00     2445.33        0.50
     1     1      958.33     2449.33        0.50
     1     1      961.00     2453.33        0.50
     1     1      961.00     2457.33        0.50
     1     1      962.33     2461.33        0.50
     1     1      963.67     2465.33        0.50
     1     1      965.00     2470.67        0.50
     1     1      966.33     2474.67        0.50
     1     1      967.67     2480.00        0.50
     1     1      967.67     2484.00        0.50
     1     1      969.00     2488.00        0.50
     1     1      969.00     2493.33        0.50
     1     1      969.00     2500.00        0.50
     1     1      969.00     2504.00        0.50
     1     1      969.00     2509.33        0.50
     1     1      969.00     2514.67        0.50
     1     1      967.67     2520.00        0.50
     1     1      967.67     2526.67        0.50
     1     1      966.33     2530.67        0.50
     1     1      965.00     2537.33        0.50
     1     1      963.67     2542.67        0.50
     1     1      961.00     2548.00        0.50
     1     1      959.67     2553.33        0.50
     1     1      957.00     2557.33        0.50
     1     1      954.33     2564.00        0.50
     1     1      951.67     2570.67        0.50
     1     1      947.67     2576.00        0.50
     1     1      943.67     2581.33        0.50
     1     1      941.00     2585.33        0.50
     1     1      937.00     2590.67        0.50
     1     1      933.00     2594.67        0.50
     1     1      929.00     2598.67        0.50
     1     1      925.00     2602.67        0.50
     1     1      922.33     2605.33        0.50
     1     1      917.00     2609.33        0.50
     1     1      911.67     2614.67        0.50
     1     1      905.00     2618.67        0.50
     1     1      901.00     2622.67        0.50
     1     1      895.67     2625.33        0.50
     1     1      891.67     2628.00        0.50
     1     1      886.33     2630.67        0.50
     1     1      881.00     2632.00        0.50
     1     1      874.33     2636.00        0.50
     1     1      869.00     2637.33        0.50
     1     1      862.33     2640.00        0.50
     1     1      855.67     2641.33        0.50
     1     1      850.33     2644.00        0.50
     1     1      845.00     2644.00        0.50
     1     1      841.00     2645.33        0.50
     1     2      870.33     2998.67        0.50
     1     2      863.67     2996.00        0.50
     1     2      859.67     2994.67        0.50
     1     2      855.67     2993.33        0.50
     1     2      853.00     2990.67        0.50
     1     2      849.00     2989.33        0.50
     1     2      845.00     2988.00        0.50
     1     2      841.00     2985.33        0.50
     1     2      837.00     2982.67        0.50
     1     2      831.67     2980.00        0.50
     1     2      827.67     2977.33        0.50
     1     2      823.67     2974.67        0.50
     1     2      819.67     2970.67        0.50
     1     2      814.33     2965.33        0.50
     1     2      810.33     2962.67        0.50
     1     2      807.67     2958.67        0.50
     1     2      805.00     2956.00        0.50
     1     2      802.33     2952.00        0.50
     1     2      799.67     2948.00        0.50
     1     2      797.00     2944.00        0.50
     1     2      794.33     2941.33        0.50
     1     2      793.00     2937.33        0.50
     1     2      791.67     2933.33        0.50
     1     2      790.33     2929.33        0.50
     1     2      789.00     2925.33        0.50
     1     2      789.00     2921.33        0.50
     1     2      787.67     2917.33        0.50
     1     2      787.67     2913.33        0.50
     1     2      787.67     2909.33        0.50
     1     2      786.33     2905.33        0.50
     1     2      786.33     2900.00        0.50
     1     2      786.33     2896.00        0.50
     1     2      787.67     2892.00        0.50
     1     2      787.67     2886.67        0.50
     1     2      789.00     2882.67        0.50
     1     2      790.33     2878.67        0.50
     1     2      793.00     2876.00        0.50
     1     2      794.33     2872.00        0.50
     1     2      795.67     2868.00        0.50
     1     2      798.33     2865.33        0.50
     1     2      801.00     2861.33        0.50
     1     2      803.67     2858.67        0.50
     1     2      806.33     2856.00        0.50
     1     2      807.67     2852.00        0.50
     1     2      810.33     2849.33        0.50
     1     2      813.00     2846.67        0.50
     1     2      815.67     2844.00        0.50
     1     2      818.33     2840.00        0.50
     1     2      821.00     2837.33        0.50
     1     2      823.67     2834.67        0.50
     1     2      826.33     2830.67        0.50
     1     2      829.00     2828.00        0.50
     1     2      833.00     2825.33        0.50
     1     2      837.00     2822.67        0.50
     1     2      841.00     2821.33        0.50
     1     2      845.00     2818.67        0.50
     1     2      850.33     2816.00        0.50
     1     2      855.67     2814.67        0.50
     1     2      859.67     2813.33        0.50
     1     2      863.67     2812.00        0.50
     1     2      869.00     2809.33        0.50
     1     2      874.33     2808.00        0.50
     1     2      879.67     2806.67        0.50
     1     2      883.67     2805.33        0.50
     1     2      887.67     2804.00        0.50
     1     2      891.67     2804.00        0.50
     1     2      895.67     2802.67        0.50
     1     2      901.00     2802.67        0.50
     1     2      905.00     2802.67        0.50
     1     2      909.00     2802.67        0.50
     1     2      913.00     2802.67        0.50
     1     2      917.00     2802.67        0.50
     1     2      921.00     2802.67        0.50
     1     2      925.00     2802.67        0.50
     1     2      929.00     2804.00        0.50
     1     2      933.00     2804.00        0.50
     1     2      937.00     2805.33        0.50
     1     2      941.00     2805.33        0.50
     1     2      945.00     2806.67        0.50
     1     2      949.00     2808.00        0.50
     1     2      953.00     2809.33        0.50
     1     2      957.00     2812.00        0.50
     1     2      961.00     2813.33        0.50
     1     2      963.67     2816.00        0.50
     1     2      967.67     2818.67        0.50
     1     2      970.33     2821.33        0.50
     1     2      973.00     2824.00        0.50
     1     2      977.00     2826.67        0.50
     1     2      979.67     2829.33        0.50
     1     2      982.33     2832.00        0.50
     1     2      983.67     2836.00        0.50
     1     2      986.33     2838.67        0.50
     1     2      989.00     2842.67        0.50
     1     2      990.33     2846.67        0.50
     1     2      993.00     2849.33        0.50
     1     2      994.33     2853.33        0.50
     1     2      995.67     2857.33        0.50
     1     2      998.33     2860.00        0.50
     1     2      999.67     2864.00        0.50
     1     2     1001.00     2868.00        0.50
     1     2     1002.33     2872.00        0.50
     1     2     1003.67     2876.00        0.50
     1     2     1005.00     2880.00        0.50
     1     2     1005.00     2884.00        0.50
     1     2     1005.00     2888.00        0.50
     1     2     1005.00     2892.00        0.50
     1     2     1005.00     2896.00        0.50
     1     2     1005.00     2901.33        0.50
     1     2     1005.00     2905.33        0.50
     1     2     1003.67     2909.33        0.50
     1     2     1003.67     2913.33        0.50
     1     2     1002.33     2917.33        0.50
     1     2     1001.00     2921.33        0.50
     1     2      998.33     2925.33        0.50
     1     2      997.00     2929.33        0.50
     1     2      995.67     2933.33        0.50
     1     2      994.33     2937.33        0.50
     1     2      991.67     2940.00        0.50
     1     2      990.33     2944.00        0.50
     1     2      986.33     2946.67        0.50
     1     2      983.67     2950.67        0.50
     1     2      981.00     2954.67        0.50
     1     2      977.00     2958.67        0.50
     1     2      974.33     2962.67        0.50
     1     2      970.33     2966.67        0.50
     1     2      966.33     2970.67        0.50
     1     2      962.33     2973.33        0.50
     1     2      958.33     2976.00        0.50
     1     2      954.33     2980.00        0.50
     1     2      949.00     2982.67        0.50
     1     2      945.00     2985.33        0.50
     1     2      941.00     2986.67        0.50
     1     2      937.00     2989.33        0.50
     1     2      933.00     2990.67        0.50
     1     2      927.67     2992.00        0.50
     1     2      923.67     2994.67        0.50
     1     2      919.67     2996.00        0.50
     1     2      915.67     2997.33        0.50
     1     2      911.67     2998.67        0.50
     1     2      907.67     3000.00        0.50
     1     2      903.67     3000.00        0.50
     1     2      899.67     3001.33        0.50
     1     2      895.67     3002.67        0.50
     2     0     1482.00     2135.00        0.50
     2     0     1478.00     2139.00        0.50
     2     0     1474.00     2143.00        0.50
     2     0     1470.00     2147.00        0.50
     2     0     1466.00     2151.00        0.50
     2     0     1462.00     2155.00        0.50
     2     0     1458.00     2159.00        0.50
     2     0     1454.00     2163.00        0.50
     2     0     1450.00     2167.00        0.50
     2     0     1446.00     2171.00        0.50
     2     0     1442.00     2177.00        0.50
     2     0     1436.00     2183.00        0.50
     2     0     1432.00     2187.00        0.50
     2     0     1428.00     2191.00        0.50
     2     0     1422.00     2197.00        0.50
     2     0     1418.00     2201.00        0.50
     2     0     1414.00     2205.00        0.50
     2     0     1410.00     2209.00        0.50
     2     0     1406.00     2213.00        0.50
     2     0     1402.00     2217.00        0.50
     2     0     1398.00     2221.00        0.50
     2     0     1394.00     2225.00        0.50
     2     0     1390.00     2229.00        0.50
     2     0     1386.00     2233.00        0.50
     2     0     1382.00     2237.00        0.50
     2     0     1378.00     2243.00        0.50
     2     0     1374.00     2247.00        0.50
     2     0     1370.00     2251.00        0.50
     2     0     1366.00     2255.00        0.50
     2     0     1362.00     2259.00        0.50
     2     0     1358.00     2265.00        0.50
     2     0     1352.00     2269.00        0.50
     2     0     1348.00     2273.00        0.50
     2     0     1344.00     2277.00        0.50
     2     0     1340.00     2281.00        0.50
     2     0     1336.00     2285.00        0.50
     2     0     1332.00     2289.00        0.50
     2     0     1328.00     2293.00        0.50
     2     0     1322.00     2297.00        0.50
     2     0     1318.00     2301.00        0.50
     2     0     1312.00     2305.00        0.50
     2     0     1306.00     2309.00        0.50
     2     0     1300.00     2313.00        0.50
     2     0     1296.00     2317.00        0.50
     2     0     1290.00     2321.00        0.50
     2     0     1284.00     2325.00        0.50
     2     0     1278.00     2329.00        0.50
     2     0     1274.00     2333.00        0.50
     2     0     1268.00     2335.00        0.50
     2     0     1264.00     2339.00        0.50
     2     0     1258.00     2343.00        0.50
     2     0     1252.00     2347.00        0.50
     2     0     1248.00     2351.00        0.50
     2     0     1242.00     2353.00        0.50
     2     0     1238.00     2357.00        0.50
     2     0     1234.00     2361.00        0.50
     2     0     1228.00     2365.00        0.50
     2     0     1224.00     2369.00        0.50
     2     0     1220.00     2373.00        0.50
     2     0     1216.00     2377.00        0.50
     2     0     1210.00     2379.00        0.50
     2     0     1206.00     2383.00        0.50
     2     0     1202.00     2387.00        0.50
     2     0     1198.00     2391.00        0.50
     2     0     1194.00     2395.00        0.50
     2     0     1188.00     2399.00        0.50
     2     0     1184.00     2403.00        0.50
     2     0     1180.00     2407.00        0.50
     2     0     1176.00     2411.00        0.50
     2     0     1172.00     2415.00        0.50
     2     0     1168.00     2419.00        0.50
     2     0     1164.00     2425.00        0.50
     2     0     1160.00     2429.00        0.50
     2     0     1158.00     2435.00        0.50
     2     0     1154.00     2439.00        0.50
     2     0     1152.00     2445.00        0.50
     2     0     1148.00     2449.00        0.50
     2     0     1144.00     2455.00        0.50
     2     0     1140.00     2461.00        0.50
     2     0     1136.00     2467.00        0.50
     2     0     1132.00     2471.00        0.50
     2     0     1128.00     2477.00        0.50
     2     0     1124.00     2483.00        0.50
     2     0     1120.00     2487.00        0.50
     2     0     1118.00     2493.00        0.50
     2     0     1114.00     2497.00        0.50
     2     0     1110.00     2501.00        0.50
     2     0     1106.00     2505.00        0.50
     2     0     1102.00     2509.00        0.50
     2     0     1098.00     2513.00        0.50
     2     0     1094.00     2517.00        0.50
     2     0     1090.00     2521.00        0.50
     2     0     1086.00     2525.00        0.50
     2     0     1082.00     2529.00        0.50
     2     0     1078.00     2535.00        0.50
     2     0     1074.00     2539.00        0.50
     2     0     1070.00     2543.00        0.50
     2     0     1068.00     2549.00        0.50
     2     0     1064.00     2553.00        0.50
     2     0     1060.00     2557.00        0.50
     2     0     1056.00     2561.00        0.50
     2     0     1050.00     2565.00        0.50
     2     0     1046.00     2569.00        0.50
     2     0     1040.00     2571.00        0.50
     2     0     1036.00     2577.00        0.50
     2     0     1032.00     2581.00        0.50
     2     0     1028.00     2585.00        0.50
     2     0     1024.00     2591.00        0.50
     2     0     1022.00     2597.00        0.50
     2     0     1004.00     2653.00        0.50
     2     0     1004.00     2659.00        0.50
     2     0     1002.00     2665.00        0.50
     2     0     1000.00     2671.00        0.50
     2     0      998.00     2677.00        0.50
     2     0      996.00     2683.00        0.50
     2     0      996.00     2689.00        0.50
     2     0      994.00     2695.00        0.50
     2     0      992.00     2701.00        0.50
     2     0      992.00     2707.00        0.50
     2     0      990.00     2713.00        0.50
     2     0      988.00     2719.00        0.50
     2     0      988.00     2725.00        0.50
     2     0      986.00     2731.00        0.50
     2     0      984.00     2737.00        0.50
     2     0      984.00     2743.00        0.50
     2     0      984.00     2749.00        0.50
     2     0      984.00     2755.00        0.50
     2     0      984.00     2761.00        0.50
     2     0      984.00     2767.00        0.50
     3     0     1472.00     2183.00        0.50
     3     0     1462.00     2191.00        0.50
     3     0     1458.00     2195.00        0.50
     3     0     1454.00     2199.00        0.50
     3     0     1450.00     2203.00        0.50
     3     0     1446.00     2207.00        0.50
     3     0     1442.00     2213.00        0.50
     3     0     1438.00     2217.00        0.50
     3     0     1436.00     2223.00        0.50
     3     0     1432.00     2227.00        0.50
     3     0     1428.00     2231.00        0.50
     3     0     1424.00     2237.00        0.50
     3     0     1420.00     2241.00        0.50
     3     0     1416.00     2245.00        0.50
     3     0     1412.00     2249.00        0.50
     3     0     1408.00     2253.00        0.50
     3     0     1404.00     2257.00        0.50
     3     0     1400.00     2261.00        0.50
     3     0     1396.00     2265.00        0.50
     3     0     1392.00     2269.00        0.50
     3     0     1386.00     2273.00        0.50
     3     0     1382.00     2277.00        0.50
     3     0     1378.00     2281.00        0.50
     3     0     1374.00     2285.00        0.50
     3     0     1370.00     2289.00        0.50
     3     0     1364.00     2293.00        0.50
     3     0     1360.00     2297.00        0.50
     3     0     1356.00     2301.00        0.50
     3     0     1352.00     2305.00        0.50
     3     0     1348.00     2309.00        0.50
     3     0     1344.00     2313.00        0.50
     3     0     1340.00     2317.00        0.50
     3     0     1336.00     2321.00        0.50
     3     0     1332.00     2325.00        0.50
     3     0     1328.00     2329.00        0.50
     3     0     1322.00     2333.00        0.50
     3     0     1318.00     2337.00        0.50
     3     0     1314.00     2341.00        0.50
     3     0     1310.00     2345.00        0.50
     3     0     1306.00     2349.00        0.50
     3     0     1302.00     2353.00        0.50
     3     0     1298.00     2357.00        0.50
     3     0     1294.00     2361.00        0.50
     3     0     1288.00     2365.00        0.50
     3     0     1284.00     2369.00        0.50
     3     0     1278.00     2371.00        0.50
     3     0     1274.00     2375.00        0.50
     3     0     1270.00     2379.00        0.50
     3     0     1264.00     2383.00        0.50
     3     0     1260.00     2387.00        0.50
     3     0     1256.00     2391.00        0.50
     3     0     1250.00     2395.00        0.50
     3     0     1246.00     2399.00        0.50
     3     0     1242.00     2403.00        0.50
     3     0     1238.00     2407.00        0.50
     3     0     1234.00     2411.00        0.50
     3     0     1230.00     2415.00        0.50
     3     0     1226.00     2419.00        0.50
     3     0     1222.00     2423.00        0.50
     3     0     1218.00     2427.00        0.50
     3     0     1214.00     2431.00        0.50
     3     0     1210.00     2435.00        0.50
     3     0     1206.00     2439.00        0.50
     3     0     1200.00     2443.00        0.50
     3     0     1196.00     2447.00        0.50
     3     0     1192.00     2451.00        0.50
     3     0     1188.00     2455.00        0.50
     3     0     1184.00     2459.00        0.50
     3     0     1178.00     2465.00        0.50
     3     0     1174.00     2471.00        0.50
     3     0     1170.00     2475.00        0.50
     3     0     1166.00     2479.00        0.50
     3     0     1162.00     2483.00        0.50
     3     0     1158.00     2489.00        0.50
     3     0     1154.00     2493.00        0.50
     3     0     1150.00     2497.00        0.50
     3     0     1146.00     2503.00        0.50
     3     0     1142.00     2509.00        0.50
     3     0     1138.00     2513.00        0.50
     3     0     1136.00     2519.00        0.50
     3     0     1132.00     2523.00        0.50
     3     0     1128.00     2529.00        0.50
     3     0     1124.00     2533.00        0.50
     3     0     1120.00     2537.00        0.50
     3     0     1116.00     2543.00        0.50
     3     0     1112.00     2547.00        0.50
     3     0     1108.00     2553.00        0.50
     3     0     1104.00     2557.00        0.50
     3     0     1100.00     2561.00        0.50
     3     0     1096.00     2567.00        0.50
     3     0     1092.00     2571.00        0.50
     3     0     1088.00     2575.00        0.50
     3     0     1084.00     2579.00        0.50
     3     0     1080.00     2583.00        0.50
     3     0     1076.00     2587.00        0.50
     3     0     1072.00     2593.00        0.50
     3     0     1068.00     2597.00        0.50
     3     0     1066.00     2603.00        0.50
     3     0     1062.00     2607.00        0.50
     3     0     1060.00     2613.00        0.50
     3     0     1056.00     2617.00        0.50
     3     0     1052.00     2621.00        0.50
     3     0     1050.00     2627.00        0.50
     3     0     1048.00     2633.00        0.50
     3     0     1046.00     2639.00        0.50
     3     0     1044.00     2645.00        0.50
     3     0     1040.00     2649.00        0.50
     3     0     1038.00     2655.00        0.50
     3     0     1038.00     2661.00        0.50
     3     0     1036.00     2667.00        0.50
     3     0     1032.00     2673.00        0.50
     3     0     1030.00     2679.00        0.50
     3     0     1030.00     2685.00        0.50
     3     0     1028.00     2691.00        0.50
     3     0     1028.00     2697.00        0.50
     3     0     1026.00     2703.00        0.50
     3     0     1026.00     2709.00        0.50
     3     0     1026.00     2715.00        0.50
     3     0     1026.00     2721.00        0.50
     3     0     1026.00     2727.00        0.50
     3     0     1026.00     2733.00        0.50
     3     0     1026.00     2739.00        0.50
     3     0     1026.00     2745.00        0.50
     3     0     1028.00     2751.00        0.50
     3     0     1028.00     2757.00        0.50
     3     0     1028.00     2763.00        0.50
     3     0     1028.00     2769.00        0.50
     3     0     1028.00     2775.00        0.50
