     0     0     2236.00     1090.00        0.50
     0     0     2232.00     1102.00        0.50
     0     0     2224.00     1110.00        0.50
     0     0     2220.00     1122.00        0.50
     0     0     2212.00     1130.00        0.50
     0     0     2208.00     1142.00        0.50
     0     0     2200.00     1150.00        0.50
     0     0     2200.00     1162.00        0.50
     0     0     2200.00     1174.00        0.50
     0     0     2200.00     1186.00        0.50
     0     0     2208.00     1194.00        0.50
     0     0     2212.00     1206.00        0.50
     0     0     2220.00     1218.00        0.50
     0     0     2224.00     1230.00        0.50
     0     0     2232.00     1238.00        0.50
     0     0     2240.00     1250.00        0.50
     0     0     2248.00     1258.00        0.50
     0     0     2256.00     1266.00        0.50
     0     0     2264.00     1278.00        0.50
     0     0     2272.00     1286.00        0.50
     0     0     2280.00     1294.00        0.50
     0     0     2288.00     1302.00        0.50
     0     0     2300.00     1306.00        0.50
     0     0     2312.00     1306.00        0.50
     0     0     2324.00     1310.00        0.50
     0     0     2336.00     1310.00        0.50
     0     0     2348.00     1310.00        0.50
     0     0     2360.00     1306.00        0.50
     0     0     2372.00     1302.00        0.50
     0     0     2384.00     1302.00        0.50
     0     0     2396.00     1298.00        0.50
     0     0     2404.00     1290.00        0.50
     0     0     2416.00     1286.00        0.50
     0     0     2428.00     1282.00        0.50
     0     0     2436.00     1274.00        0.50
     0     0     2448.00     1270.00        0.50
     0     0     2456.00     1262.00        0.50
     0     0     2468.00     1254.00        0.50
     0     0     2476.00     1246.00        0.50
     0     0     2488.00     1242.00        0.50
     0     0     2496.00     1234.00        0.50
     0     0     2504.00     1222.00        0.50
     0     0     2512.00     1214.00        0.50
     0     0     2516.00     1202.00        0.50
     0     0     2524.00     1190.00        0.50
     0     0     2528.00     1178.00        0.50
     0     0     2528.00     1166.00        0.50
     0     0     2532.00     1154.00        0.50
     0     0     2532.00     1142.00        0.50
     0     0     2532.00     1130.00        0.50
     0     0     2532.00     1118.00        0.50
     0     0     2528.00     1106.00        0.50
     0     0     2520.00     1098.00        0.50
     0     0     2512.00     1086.00        0.50
     0     0     2504.00     1078.00        0.50
     0     0     2496.00     1070.00        0.50
     0     0     2488.00     1062.00        0.50
     0     0     2480.00     1054.00        0.50
     0     0     2468.00     1050.00        0.50
     0     0     2460.00     1042.00        0.50
     0     0     2452.00     1034.00        0.50
     0     0     2440.00     1030.00        0.50
     0     0     2428.00     1022.00        0.50
     0     0     2420.00     1014.00        0.50
     0     0     2408.00     1010.00        0.50
     0     0     2396.00     1006.00        0.50
     0     0     2384.00     1006.00        0.50
     0     0     2372.00     1006.00        0.50
     0     0     2360.00     1010.00        0.50
     0     0     2348.00     1014.00        0.50
     0     0     2336.00     1018.00        0.50
     0     0     2324.00     1022.00        0.50
     0     0     2312.00     1030.00        0.50
     0     0     2300.00     1034.00        0.50
     0     0     2292.00     1042.00        0.50
     0     0     2280.00     1050.00        0.50
     0     0     2268.00     1054.00        0.50
     0     0     2260.00     1062.00        0.50
     0     1     1988.00     2666.00        0.50
     0     1     1976.00     2682.00        0.50
     0     1     1968.00     2690.00        0.50
     0     1     1960.00     2698.00        0.50
     0     1     1952.00     2706.00        0.50
     0     1     1944.00     2714.00        0.50
     0     1     1936.00     2722.00        0.50
     0     1     1928.00     2730.00        0.50
     0     1     1924.00     2742.00        0.50
     0     1     1916.00     2750.00        0.50
     0     1     1912.00     2762.00        0.50
     0     1     1908.00     2774.00        0.50
     0     1     1908.00     2786.00        0.50
     0     1     1904.00     2798.00        0.50
     0     1     1904.00     2810.00        0.50
     0     1     1908.00     2822.00        0.50
     0     1     1912.00     2834.00        0.50
     0     1     1916.00     2846.00        0.50
     0     1     1924.00     2858.00        0.50
     0     1     1928.00     2870.00        0.50
     0     1     1936.00     2882.00        0.50
     0     1     1944.00     2890.00        0.50
     0     1     1952.00     2898.00        0.50
     0     1     1960.00     2906.00        0.50
     0     1     1972.00     2910.00        0.50
     0     1     1980.00     2918.00        0.50
     0     1     1992.00     2922.00        0.50
     0     1     2004.00     2922.00        0.50
     0     1     2016.00     2926.00        0.50
     0     1     2028.00     2926.00        0.50
     0     1     2040.00     2926.00        0.50
     0     1     2052.00     2926.00        0.50
     0     1     2064.00     2922.00        0.50
     0     1     2076.00     2922.00        0.50
     0     1     2088.00     2918.00        0.50
     0     1     2100.00     2914.00        0.50
     0     1     2112.00     2910.00        0.50
     0     1     2124.00     2906.00        0.50
     0     1     2132.00     2898.00        0.50
     0     1     2136.00     2886.00        0.50
     0     1     2140.00     2874.00        0.50
     0     1     2140.00     2862.00        0.50
     0     1     2144.00     2850.00        0.50
     0     1     2144.00     2838.00        0.50
     0     1     2140.00     2826.00        0.50
     0     1     2140.00     2814.00        0.50
     0     1     2136.00     2802.00        0.50
     0     1     2132.00     2790.00        0.50
     0     1     2124.00     2778.00        0.50
     0     1     2120.00     2766.00        0.50
     0     1     2116.00     2754.00        0.50
     0     1     2112.00     2742.00        0.50
     0     1     2112.00     2730.00        0.50
     0     1     2108.00     2718.00        0.50
     0     1     2108.00     2706.00        0.50
     0     1     2108.00     2694.00        0.50
     0     1     2108.00     2682.00        0.50
     0     1     2112.00     2670.00        0.50
     0     2     1828.00     2814.00        0.50
     0     2     1836.00     2822.00        0.50
     0     2     1840.00     2834.00        0.50
     0     2     1848.00     2842.00        0.50
     0     2     1852.00     2854.00        0.50
     0     2     1856.00     2866.00        0.50
     0     2     1860.00     2878.00        0.50
     0     2     1864.00     2890.00        0.50
     0     2     1864.00     2902.00        0.50
     0     2     1864.00     2914.00        0.50
     0     2     1868.00     2926.00        0.50
     0     2     1864.00     2938.00        0.50
     0     2     1864.00     2950.00        0.50
     0     2     1860.00     2962.00        0.50
     0     2     1856.00     2974.00        0.50
     0     2     1848.00     2982.00        0.50
     0     2     1844.00     2994.00        0.50
     0     2     1836.00     3002.00        0.50
     0     2     1828.00     3010.00        0.50
     0     2     1820.00     3018.00        0.50
     0     2     1812.00     3026.00        0.50
     0     2     1800.00     3034.00        0.50
     0     2     1788.00     3038.00        0.50
     0     2     1776.00     3038.00        0.50
     0     2     1764.00     3042.00        0.50
     0     2     1752.00     3042.00        0.50
     0     2     1740.00     3042.00        0.50
     0     2     1728.00     3042.00        0.50
     0     2     1716.00     3042.00        0.50
     0     2     1704.00     3042.00        0.50
     0     2     1692.00     3038.00        0.50
     0     2     1680.00     3034.00        0.50
     0     2     1668.00     3030.00        0.50
     0     2     1656.00     3026.00        0.50
     0     2     1648.00     3018.00        0.50
     0     2     1636.00     3010.00        0.50
     0     2     1628.00     3002.00        0.50
     0     2     1620.00     2994.00        0.50
     0     2     1612.00     2986.00        0.50
     0     2     1604.00     2978.00        0.50
     0     2     1596.00     2970.00        0.50
     0     2     1592.00     2958.00        0.50
     0     2     1584.00     2950.00        0.50
     0     2     1580.00     2938.00        0.50
     0     2     1576.00     2926.00        0.50
     0     2     1576.00     2914.00        0.50
     0     2     1576.00     2902.00        0.50
     0     2     1576.00     2890.00        0.50
     0     2     1576.00     2878.00        0.50
     0     2     1580.00     2866.00        0.50
     0     2     1584.00     2854.00        0.50
     0     2     1592.00     2846.00        0.50
     0     2     1600.00     2838.00        0.50
     0     2     1608.00     2830.00        0.50
     0     2     1620.00     2822.00        0.50
     0     2     1632.00     2818.00        0.50
     0     2     1644.00     2814.00        0.50
     0     2     1656.00     2810.00        0.50
     0     2     1668.00     2806.00        0.50
     0     2     1680.00     2802.00        0.50
     0     2     1692.00     2802.00        0.50
     0     2     1704.00     2798.00        0.50
     0     2     1716.00     2798.00        0.50
     0     2     1728.00     2798.00        0.50
     0     2     1740.00     2798.00        0.50
     0     2     1752.00     2798.00        0.50
     0     2     1764.00     2798.00        0.50
     0     2     1776.00     2802.00        0.50
     0     2     1788.00     2802.00        0.50
     0     2     1800.00     2806.00        0.50
     1     0     2324.00     1262.00        0.50
     1     0     2312.00     1262.00        0.50
     1     0     2300.00     1258.00        0.50
     1     0     2292.00     1250.00        0.50
     1     0     2284.00     1242.00        0.50
     1     0     2276.00     1234.00        0.50
     1     0     2272.00     1222.00        0.50
     1     0     2264.00     1214.00        0.50
     1     0     2260.00     1202.00        0.50
     1     0     2260.00     1190.00        0.50
     1     0     2260.00     1178.00        0.50
     1     0     2260.00     1166.00        0.50
     1     0     2264.00     1154.00        0.50
     1     0     2264.00     1142.00        0.50
     1     0     2272.00     1134.00        0.50
     1     0     2276.00     1122.00        0.50
     1     0     2280.00     1110.00        0.50
     1     0     2288.00     1102.00        0.50
     1     0     2296.00     1090.00        0.50
     1     0     2304.00     1082.00        0.50
     1     0     2316.00     1078.00        0.50
     1     0     2324.00     1070.00        0.50
     1     0     2336.00     1066.00        0.50
     1     0     2348.00     1066.00        0.50
     1     0     2360.00     1062.00        0.50
     1     0     2372.00     1058.00        0.50
     1     0     2384.00     1058.00        0.50
     1     0     2396.00     1054.00        0.50
     1     0     2408.00     1058.00        0.50
     1     0     2420.00     1062.00        0.50
     1     0     2428.00     1070.00        0.50
     1     0     2440.00     1074.00        0.50
     1     0     2448.00     1082.00        0.50
     1     0     2456.00     1090.00        0.50
     1     0     2464.00     1102.00        0.50
     1     0     2468.00     1114.00        0.50
     1     0     2472.00     1126.00        0.50
     1     0     2476.00     1138.00        0.50
     1     0     2476.00     1150.00        0.50
     1     0     2476.00     1162.00        0.50
     1     0     2476.00     1174.00        0.50
     1     0     2472.00     1186.00        0.50
     1     0     2464.00     1198.00        0.50
     1     0     2460.00     1210.00        0.50
     1     0     2452.00     1218.00        0.50
     1     0     2444.00     1226.00        0.50
     1     0     2432.00     1230.00        0.50
     1     0     2424.00     1238.00        0.50
     1     0     2416.00     1246.00        0.50
     1     0     2404.00     1250.00        0.50
     1     0     2392.00     1254.00        0.50
     1     0     2384.00     1262.00        0.50
     1     0     2372.00     1266.00        0.50
     1     1     1704.00     2994.00        0.50
     1     1     1692.00     2994.00        0.50
     1     1     1680.00     2990.00        0.50
     1     1     1672.00     2982.00        0.50
     1     1     1660.00     2978.00        0.50
     1     1     1652.00     2970.00        0.50
     1     1     1644.00     2962.00        0.50
     1     1     1636.00     2954.00        0.50
     1     1     1632.00     2942.00        0.50
     1     1     1624.00     2934.00        0.50
     1     1     1620.00     2922.00        0.50
     1     1     1620.00     2910.00        0.50
     1     1     1620.00     2898.00        0.50
     1     1     1620.00     2886.00        0.50
     1     1     1628.00     2878.00        0.50
     1     1     1636.00     2866.00        0.50
     1     1     1644.00     2858.00        0.50
     1     1     1652.00     2850.00        0.50
     1     1     1664.00     2846.00        0.50
     1     1     1672.00     2838.00        0.50
     1     1     1684.00     2834.00        0.50
     1     1     1696.00     2830.00        0.50
     1     1     1708.00     2830.00        0.50
     1     1     1720.00     2826.00        0.50
     1     1     1732.00     2826.00        0.50
     1     1     1744.00     2826.00        0.50
     1     1     1756.00     2826.00        0.50
     1     1     1768.00     2830.00        0.50
     1     1     1780.00     2830.00        0.50
     1     1     1792.00     2834.00        0.50
     1     1     1800.00     2842.00        0.50
     1     1     1808.00     2850.00        0.50
     1     1     1816.00     2858.00        0.50
     1     1     1824.00     2866.00        0.50
     1     1     1828.00     2878.00        0.50
     1     1     1832.00     2890.00        0.50
     1     1     1832.00     2902.00        0.50
     1     1     1836.00     2914.00        0.50
     1     1     1836.00     2926.00        0.50
     1     1     1832.00     2938.00        0.50
     1     1     1828.00     2950.00        0.50
     1     1     1824.00     2962.00        0.50
     1     1     1816.00     2970.00        0.50
     1     1     1804.00     2978.00        0.50
     1     1     1796.00     2986.00        0.50
     1     1     1784.00     2990.00        0.50
     1     1     1772.00     2994.00        0.50
     1     1     1760.00     2994.00        0.50
     1     1     1748.00     2994.00        0.50
     1     2     2004.00     2698.00        0.50
     1     2     2000.00     2710.00        0.50
     1     2     1992.00     2718.00        0.50
     1     2     1988.00     2730.00        0.50
     1     2     1980.00     2738.00        0.50
     1     2     1972.00     2746.00        0.50
     1     2     1964.00     2754.00        0.50
     1     2     1960.00     2766.00        0.50
     1     2     1956.00     2778.00        0.50
     1     2     1952.00     2790.00        0.50
     1     2     1952.00     2802.00        0.50
     1     2     1952.00     2814.00        0.50
     1     2     1952.00     2826.00        0.50
     1     2     1960.00     2838.00        0.50
     1     2     1968.00     2850.00        0.50
     1     2     1976.00     2858.00        0.50
     1     2     1984.00     2866.00        0.50
     1     2     1992.00     2874.00        0.50
     1     2     2004.00     2878.00        0.50
     1     2     2016.00     2882.00        0.50
     1     2     2028.00     2886.00        0.50
     1     2     2040.00     2886.00        0.50
     1     2     2052.00     2886.00        0.50
     1     2     2064.00     2882.00        0.50
     1     2     2076.00     2878.00        0.50
     1     2     2084.00     2870.00        0.50
     1     2     2088.00     2858.00        0.50
     1     2     2096.00     2850.00        0.50
     1     2     2100.00     2838.00        0.50
     1     2     2100.00     2826.00        0.50
     1     2     2100.00     2814.00        0.50
     1     2     2100.00     2802.00        0.50
     1     2     2096.00     2790.00        0.50
     1     2     2092.00     2778.00        0.50
     1     2     2088.00     2766.00        0.50
     1     2     2088.00     2754.00        0.50
     1     2     2084.00     2742.00        0.50
     1     2     2084.00     2730.00        0.50
     1     2     2084.00     2718.00        0.50
     1     2     2084.00     2706.00        0.50
     2     0     2152.00     3786.00        0.50
     2     0     2152.00     3774.00        0.50
     2     0     2152.00     3762.00        0.50
     2     0     2152.00     3750.00        0.50
     2     0     2156.00     3738.00        0.50
     2     0     2160.00     3726.00        0.50
     2     0     2164.00     3714.00        0.50
     2     0     2168.00     3702.00        0.50
     2     0     2172.00     3690.00        0.50
     2     0     2176.00     3678.00        0.50
     2     0     2176.00     3666.00        0.50
     2     0     2176.00     3654.00        0.50
     2     0     2176.00     3642.00        0.50
     2     0     2176.00     3630.00        0.50
     2     0     2176.00     3618.00        0.50
     2     0     2176.00     3606.00        0.50
     2     0     2176.00     3594.00        0.50
     2     0     2176.00     3582.00        0.50
     2     0     2176.00     3570.00        0.50
     2     0     2176.00     3558.00        0.50
     2     0     2176.00     3546.00        0.50
     2     0     2180.00     3534.00        0.50
     2     0     2180.00     3522.00        0.50
     2     0     2184.00     3510.00        0.50
     2     0     2188.00     3498.00        0.50
     2     0     2192.00     3486.00        0.50
     2     0     2196.00     3474.00        0.50
     2     0     2204.00     3466.00        0.50
     2     0     2208.00     3454.00        0.50
     2     0     2216.00     3442.00        0.50
     2     0     2224.00     3430.00        0.50
     2     0     2228.00     3418.00        0.50
     2     0     2236.00     3410.00        0.50
     2     0     2244.00     3398.00        0.50
     2     0     2252.00     3386.00        0.50
     2     0     2256.00     3374.00        0.50
     2     0     2260.00     3362.00        0.50
     2     0     2268.00     3354.00        0.50
     2     0     2272.00     3342.00        0.50
     2     0     2280.00     3334.00        0.50
     2     0     2284.00     3322.00        0.50
     2     0     2292.00     3314.00        0.50
     2     0     2296.00     3302.00        0.50
     2     0     2304.00     3294.00        0.50
     2     0     2312.00     3286.00        0.50
     2     0     2320.00     3274.00        0.50
     2     0     2328.00     3266.00        0.50
     2     0     2336.00     3254.00        0.50
     2     0     2344.00     3246.00        0.50
     2     0     2352.00     3238.00        0.50
     2     0     2356.00     3226.00        0.50
     2     0     2364.00     3218.00        0.50
     2     0     2372.00     3210.00        0.50
     2     0     2380.00     3202.00        0.50
     2     0     2388.00     3194.00        0.50
     2     0     2396.00     3182.00        0.50
     2     0     2404.00     3174.00        0.50
     2     0     2412.00     3166.00        0.50
     2     0     2424.00     3162.00        0.50
     2     0     2432.00     3154.00        0.50
     2     0     2444.00     3150.00        0.50
     2     0     2456.00     3142.00        0.50
     2     0     2468.00     3134.00        0.50
     2     0     2480.00     3130.00        0.50
     2     0     2492.00     3126.00        0.50
     2     0     2504.00     3122.00        0.50
     2     0     2516.00     3118.00        0.50
     2     0     2528.00     3118.00        0.50
     2     0     2540.00     3114.00        0.50
     2     0     2552.00     3110.00        0.50
     2     0     2564.00     3110.00        0.50
     2     0     2576.00     3110.00        0.50
     2     0     2588.00     3106.00        0.50
     2     0     2600.00     3106.00        0.50
     2     0     2612.00     3110.00        0.50
     2     0     2624.00     3110.00        0.50
     2     0     2636.00     3114.00        0.50
     2     0     2648.00     3118.00        0.50
     2     0     2660.00     3122.00        0.50
     2     0     2672.00     3130.00        0.50
     2     0     2684.00     3134.00        0.50
     2     0     2696.00     3138.00        0.50
     2     0     2708.00     3142.00        0.50
     2     0     2716.00     3150.00        0.50
     2     0     2728.00     3154.00        0.50
     2     0     2736.00     3162.00        0.50
     2     0     2748.00     3166.00        0.50
     2     0     2756.00     3174.00        0.50
     2     0     2764.00     3182.00        0.50
     2     0     2772.00     3190.00        0.50
     2     0     2780.00     3198.00        0.50
     2     0     2788.00     3206.00        0.50
     2     0     2796.00     3218.00        0.50
     2     0     2804.00     3226.00        0.50
     2     0     2804.00     3238.00        0.50
     2     0     2812.00     3250.00        0.50
     2     0     2816.00     3262.00        0.50
     2     0     2820.00     3274.00        0.50
     2     0     2824.00     3286.00        0.50
     2     0     2828.00     3298.00        0.50
     2     0     2832.00     3310.00        0.50
     2     0     2836.00     3322.00        0.50
     2     0     2840.00     3334.00        0.50
     2     0     2844.00     3346.00        0.50
     2     0     2848.00     3358.00        0.50
     2     0     2852.00     3370.00        0.50
     2     0     2852.00     3382.00        0.50
     2     0     2856.00     3394.00        0.50
     2     0     2860.00     3406.00        0.50
     2     0     2864.00     3418.00        0.50
     2     0     2868.00     3430.00        0.50
     2     0     2872.00     3442.00        0.50
     2     0     2872.00     3454.00        0.50
     2     0     2876.00     3466.00        0.50
     2     0     2880.00     3478.00        0.50
     2     0     2880.00     3490.00        0.50
     2     0     2880.00     3502.00        0.50
     2     0     2880.00     3514.00        0.50
     2     0     2880.00     3526.00        0.50
     2     0     2884.00     3538.00        0.50
     2     0     2884.00     3550.00        0.50
     2     0     2884.00     3562.00        0.50
     2     0     2884.00     3574.00        0.50
     2     0     2884.00     3586.00        0.50
     2     0     2888.00     3598.00        0.50
     2     0     2888.00     3610.00        0.50
     2     0     2888.00     3622.00        0.50
     2     0     2892.00     3634.00        0.50
     2     1     1896.00     1690.00        0.50
     2     1     1912.00     1698.00        0.50
     2     1     1924.00     1702.00        0.50
     2     1     1936.00     1702.00        0.50
     2     1     1948.00     1702.00        0.50
     2     1     1960.00     1698.00        0.50
     2     1     1972.00     1694.00        0.50
     2     1     1984.00     1694.00        0.50
     2     1     1992.00     1686.00        0.50
     2     1     2004.00     1682.00        0.50
     2     1     2016.00     1674.00        0.50
     2     1     2024.00     1666.00        0.50
     2     1     2036.00     1662.00        0.50
     2     1     2044.00     1654.00        0.50
     2     1     2056.00     1650.00        0.50
     2     1     2064.00     1642.00        0.50
     2     1     2076.00     1638.00        0.50
     2     1     2088.00     1634.00        0.50
     2     1     2100.00     1630.00        0.50
     2     1     2112.00     1626.00        0.50
     2     1     2124.00     1622.00        0.50
     2     1     2136.00     1618.00        0.50
     2     1     2148.00     1618.00        0.50
     2     1     2160.00     1614.00        0.50
     2     1     2172.00     1614.00        0.50
     2     1     2184.00     1610.00        0.50
     2     1     2196.00     1610.00        0.50
     2     1     2208.00     1610.00        0.50
     2     1     2220.00     1610.00        0.50
     2     1     2232.00     1610.00        0.50
     2     1     2244.00     1614.00        0.50
     2     1     2256.00     1614.00        0.50
     2     1     2268.00     1618.00        0.50
     2     1     2280.00     1622.00        0.50
     2     1     2288.00     1630.00        0.50
     2     1     2300.00     1634.00        0.50
     2     1     2308.00     1642.00        0.50
     2     1     2316.00     1650.00        0.50
     2     1     2324.00     1658.00        0.50
     2     1     2336.00     1666.00        0.50
     2     1     2344.00     1674.00        0.50
     2     1     2352.00     1686.00        0.50
     2     1     2360.00     1694.00        0.50
     2     1     2368.00     1702.00        0.50
     2     1     2376.00     1714.00        0.50
     2     1     2384.00     1726.00        0.50
     2     1     2392.00     1738.00        0.50
     2     1     2400.00     1746.00        0.50
     2     1     2404.00     1758.00        0.50
     2     1     2412.00     1766.00        0.50
     2     1     2416.00     1778.00        0.50
     2     1     2424.00     1786.00        0.50
     2     1     2428.00     1798.00        0.50
     2     1     2432.00     1810.00        0.50
     2     1     2440.00     1818.00        0.50
     2     1     2444.00     1830.00        0.50
     2     1     2448.00     1842.00        0.50
     2     1     2456.00     1854.00        0.50
     2     1     2460.00     1866.00        0.50
     2     1     2464.00     1878.00        0.50
     2     1     2468.00     1890.00        0.50
     2     1     2472.00     1902.00        0.50
     2     1     2476.00     1914.00        0.50
     2     1     2480.00     1926.00        0.50
     2     1     2484.00     1938.00        0.50
     2     1     2488.00     1950.00        0.50
     2     1     2488.00     1962.00        0.50
     2     1     2492.00     1974.00        0.50
     2     1     2496.00     1986.00        0.50
     2     1     2500.00     1998.00        0.50
     2     1     2504.00     2010.00        0.50
     2     1     2508.00     2022.00        0.50
     2     1     2512.00     2034.00        0.50
     2     1     2512.00     2046.00        0.50
     2     1     2516.00     2058.00        0.50
     2     1     2520.00     2070.00        0.50
     2     1     2520.00     2082.00        0.50
     2     1     2524.00     2094.00        0.50
     2     1     2524.00     2106.00        0.50
     2     1     2524.00     2118.00        0.50
     2     1     2524.00     2130.00        0.50
     2     1     2528.00     2142.00        0.50
     2     1     2528.00     2154.00        0.50
     2     1     2532.00     2166.00        0.50
     2     1     2532.00     2178.00        0.50
     2     1     2532.00     2190.00        0.50
     2     1     2536.00     2202.00        0.50
     2     1     2536.00     2214.00        0.50
     2     1     2536.00     2226.00        0.50
     2     1     2536.00     2238.00        0.50
     2     1     2536.00     2250.00        0.50
     2     1     2536.00     2262.00        0.50
     2     1     2536.00     2274.00        0.50
     2     1     2536.00     2286.00        0.50
     2     1     2532.00     2298.00        0.50
     2     1     2532.00     2310.00        0.50
     2     1     2528.00     2322.00        0.50
     2     1     2528.00     2334.00        0.50
     2     1     2524.00     2346.00        0.50
     2     1     2520.00     2358.00        0.50
     2     1     2516.00     2370.00        0.50
     2     1     2512.00     2382.00        0.50
     2     1     2508.00     2394.00        0.50
     2     1     2504.00     2406.00        0.50
     2     1     2500.00     2418.00        0.50
     2     1     2496.00     2430.00        0.50
     2     1     2488.00     2442.00        0.50
     2     1     2484.00     2454.00        0.50
     2     1     2480.00     2466.00        0.50
     2     1     2472.00     2478.00        0.50
     2     1     2468.00     2490.00        0.50
     2     1     2464.00     2502.00        0.50
     2     1     2456.00     2514.00        0.50
     2     1     2452.00     2526.00        0.50
     2     1     2448.00     2538.00        0.50
     2     1     2444.00     2550.00        0.50
     2     1     2436.00     2562.00        0.50
     2     1     2432.00     2574.00        0.50
     2     1     2424.00     2582.00        0.50
     2     1     2416.00     2594.00        0.50
     2     1     2408.00     2606.00        0.50
     2     1     2400.00     2614.00        0.50
     2     1     2392.00     2622.00        0.50
     2     1     2384.00     2630.00        0.50
     2     1     2376.00     2638.00        0.50
     2     1     2364.00     2646.00        0.50
     2     1     2352.00     2650.00        0.50
     2     1     2344.00     2658.00        0.50
     2     1     2332.00     2662.00        0.50
     2     1     2320.00     2666.00        0.50
     2     1     2312.00     2674.00        0.50
     2     1     2300.00     2678.00        0.50
     2     1     2288.00     2682.00        0.50
     2     1     2276.00     2682.00        0.50
     2     1     2268.00     2690.00        0.50
     2     1     2256.00     2694.00        0.50
     2     1     2244.00     2698.00        0.50
     2     1     2232.00     2698.00        0.50
     2     1     2220.00     2702.00        0.50
     2     1     2208.00     2706.00        0.50
     2     1     2196.00     2706.00        0.50
     2     1     2184.00     2706.00        0.50
     3     0     1880.00     1738.00        0.50
     3     0     1892.00     1738.00        0.50
     3     0     1904.00     1742.00        0.50
     3     0     1916.00     1746.00        0.50
     3     0     1928.00     1746.00        0.50
     3     0     1940.00     1746.00        0.50
     3     0     1952.00     1746.00        0.50
     3     0     1960.00     1738.00        0.50
     3     0     1972.00     1738.00        0.50
     3     0     1980.00     1730.00        0.50
     3     0     1992.00     1726.00        0.50
     3     0     2000.00     1718.00        0.50
     3     0     2012.00     1714.00        0.50
     3     0     2020.00     1706.00        0.50
     3     0     2028.00     1698.00        0.50
     3     0     2040.00     1694.00        0.50
     3     0     2048.00     1686.00        0.50
     3     0     2060.00     1682.00        0.50
     3     0     2072.00     1678.00        0.50
     3     0     2080.00     1670.00        0.50
     3     0     2092.00     1666.00        0.50
     3     0     2104.00     1662.00        0.50
     3     0     2116.00     1658.00        0.50
     3     0     2128.00     1654.00        0.50
     3     0     2140.00     1646.00        0.50
     3     0     2152.00     1646.00        0.50
     3     0     2164.00     1642.00        0.50
     3     0     2176.00     1638.00        0.50
     3     0     2188.00     1638.00        0.50
     3     0     2200.00     1638.00        0.50
     3     0     2212.00     1638.00        0.50
     3     0     2224.00     1638.00        0.50
     3     0     2236.00     1642.00        0.50
     3     0     2248.00     1646.00        0.50
     3     0     2260.00     1650.00        0.50
     3     0     2268.00     1658.00        0.50
     3     0     2280.00     1662.00        0.50
     3     0     2288.00     1670.00        0.50
     3     0     2296.00     1678.00        0.50
     3     0     2304.00     1686.00        0.50
     3     0     2312.00     1694.00        0.50
     3     0     2320.00     1702.00        0.50
     3     0     2324.00     1714.00        0.50
     3     0     2332.00     1722.00        0.50
     3     0     2340.00     1734.00        0.50
     3     0     2344.00     1746.00        0.50
     3     0     2352.00     1754.00        0.50
     3     0     2356.00     1766.00        0.50
     3     0     2360.00     1778.00        0.50
     3     0     2368.00     1786.00        0.50
     3     0     2372.00     1798.00        0.50
     3     0     2380.00     1810.00        0.50
     3     0     2384.00     1822.00        0.50
     3     0     2392.00     1830.00        0.50
     3     0     2392.00     1842.00        0.50
     3     0     2400.00     1850.00        0.50
     3     0     2404.00     1862.00        0.50
     3     0     2408.00     1874.00        0.50
     3     0     2416.00     1886.00        0.50
     3     0     2420.00     1898.00        0.50
     3     0     2424.00     1910.00        0.50
     3     0     2432.00     1918.00        0.50
     3     0     2432.00     1930.00        0.50
     3     0     2436.00     1942.00        0.50
     3     0     2444.00     1950.00        0.50
     3     0     2444.00     1962.00        0.50
     3     0     2452.00     1974.00        0.50
     3     0     2452.00     1986.00        0.50
     3     0     2460.00     1998.00        0.50
     3     0     2464.00     2010.00        0.50
     3     0     2468.00     2022.00        0.50
     3     0     2472.00     2034.00        0.50
     3     0     2476.00     2046.00        0.50
     3     0     2480.00     2058.00        0.50
     3     0     2480.00     2070.00        0.50
     3     0     2484.00     2082.00        0.50
     3     0     2488.00     2094.00        0.50
     3     0     2492.00     2106.00        0.50
     3     0     2492.00     2118.00        0.50
     3     0     2492.00     2130.00        0.50
     3     0     2492.00     2142.00        0.50
     3     0     2496.00     2154.00        0.50
     3     0     2496.00     2166.00        0.50
     3     0     2496.00     2178.00        0.50
     3     0     2496.00     2190.00        0.50
     3     0     2496.00     2202.00        0.50
     3     0     2496.00     2214.00        0.50
     3     0     2496.00     2226.00        0.50
     3     0     2492.00     2238.00        0.50
     3     0     2492.00     2250.00        0.50
     3     0     2488.00     2262.00        0.50
     3     0     2488.00     2274.00        0.50
     3     0     2488.00     2286.00        0.50
     3     0     2488.00     2298.00        0.50
     3     0     2484.00     2310.00        0.50
     3     0     2484.00     2322.00        0.50
     3     0     2484.00     2334.00        0.50
     3     0     2480.00     2346.00        0.50
     3     0     2480.00     2358.00        0.50
     3     0     2480.00     2370.00        0.50
     3     0     2476.00     2382.00        0.50
     3     0     2472.00     2394.00        0.50
     3     0     2468.00     2406.00        0.50
     3     0     2460.00     2418.00        0.50
     3     0     2460.00     2430.00        0.50
     3     0     2452.00     2442.00        0.50
     3     0     2448.00     2454.00        0.50
     3     0     2444.00     2466.00        0.50
     3     0     2440.00     2478.00        0.50
     3     0     2436.00     2490.00        0.50
     3     0     2428.00     2498.00        0.50
     3     0     2424.00     2510.00        0.50
     3     0     2416.00     2518.00        0.50
     3     0     2408.00     2530.00        0.50
     3     0     2400.00     2542.00        0.50
     3     0     2396.00     2554.00        0.50
     3     0     2388.00     2562.00        0.50
     3     0     2380.00     2574.00        0.50
     3     0     2372.00     2586.00        0.50
     3     0     2364.00     2598.00        0.50
     3     0     2356.00     2606.00        0.50
     3     0     2348.00     2614.00        0.50
     3     0     2340.00     2622.00        0.50
     3     0     2328.00     2626.00        0.50
     3     0     2316.00     2634.00        0.50
     3     0     2304.00     2638.00        0.50
     3     0     2292.00     2642.00        0.50
     3     0     2280.00     2646.00        0.50
     3     0     2268.00     2650.00        0.50
     3     0     2256.00     2654.00        0.50
     3     0     2244.00     2654.00        0.50
     3     0     2232.00     2658.00        0.50
     3     0     2220.00     2658.00        0.50
     3     0     2208.00     2662.00        0.50
     3     0     2196.00     2662.00        0.50
     3     1     2192.00     3774.00        0.50
     3     1     2192.00     3762.00        0.50
     3     1     2196.00     3750.00        0.50
     3     1     2200.00     3738.00        0.50
     3     1     2204.00     3726.00        0.50
     3     1     2204.00     3714.00        0.50
     3     1     2204.00     3702.00        0.50
     3     1     2208.00     3690.00        0.50
     3     1     2208.00     3678.00        0.50
     3     1     2208.00     3666.00        0.50
     3     1     2212.00     3654.00        0.50
     3     1     2212.00     3642.00        0.50
     3     1     2212.00     3630.00        0.50
     3     1     2212.00     3618.00        0.50
     3     1     2216.00     3606.00        0.50
     3     1     2216.00     3594.00        0.50
     3     1     2220.00     3582.00        0.50
     3     1     2224.00     3570.00        0.50
     3     1     2224.00     3558.00        0.50
     3     1     2228.00     3546.00        0.50
     3     1     2232.00     3534.00        0.50
     3     1     2236.00     3522.00        0.50
     3     1     2240.00     3510.00        0.50
     3     1     2248.00     3502.00        0.50
     3     1     2248.00     3490.00        0.50
     3     1     2252.00     3478.00        0.50
     3     1     2260.00     3470.00        0.50
     3     1     2264.00     3458.00        0.50
     3     1     2272.00     3450.00        0.50
     3     1     2280.00     3438.00        0.50
     3     1     2284.00     3426.00        0.50
     3     1     2292.00     3418.00        0.50
     3     1     2292.00     3406.00        0.50
     3     1     2300.00     3398.00        0.50
     3     1     2304.00     3386.00        0.50
     3     1     2308.00     3374.00        0.50
     3     1     2316.00     3366.00        0.50
     3     1     2320.00     3354.00        0.50
     3     1     2328.00     3342.00        0.50
     3     1     2336.00     3330.00        0.50
     3     1     2344.00     3322.00        0.50
     3     1     2352.00     3314.00        0.50
     3     1     2360.00     3306.00        0.50
     3     1     2368.00     3298.00        0.50
     3     1     2376.00     3290.00        0.50
     3     1     2384.00     3278.00        0.50
     3     1     2392.00     3270.00        0.50
     3     1     2400.00     3262.00        0.50
     3     1     2408.00     3250.00        0.50
     3     1     2416.00     3238.00        0.50
     3     1     2424.00     3226.00        0.50
     3     1     2432.00     3218.00        0.50
     3     1     2440.00     3210.00        0.50
     3     1     2448.00     3202.00        0.50
     3     1     2460.00     3194.00        0.50
     3     1     2472.00     3186.00        0.50
     3     1     2484.00     3182.00        0.50
     3     1     2492.00     3174.00        0.50
     3     1     2504.00     3170.00        0.50
     3     1     2516.00     3162.00        0.50
     3     1     2528.00     3158.00        0.50
     3     1     2540.00     3154.00        0.50
     3     1     2552.00     3150.00        0.50
     3     1     2564.00     3150.00        0.50
     3     1     2576.00     3150.00        0.50
     3     1     2588.00     3150.00        0.50
     3     1     2600.00     3154.00        0.50
     3     1     2612.00     3158.00        0.50
     3     1     2624.00     3162.00        0.50
     3     1     2636.00     3166.00        0.50
     3     1     2648.00     3170.00        0.50
     3     1     2660.00     3174.00        0.50
     3     1     2668.00     3182.00        0.50
     3     1     2680.00     3186.00        0.50
     3     1     2688.00     3194.00        0.50
     3     1     2696.00     3202.00        0.50
     3     1     2708.00     3210.00        0.50
     3     1     2716.00     3218.00        0.50
     3     1     2724.00     3226.00        0.50
     3     1     2732.00     3234.00        0.50
     3     1     2740.00     3242.00        0.50
     3     1     2744.00     3254.00        0.50
     3     1     2752.00     3262.00        0.50
     3     1     2756.00     3274.00        0.50
     3     1     2764.00     3282.00        0.50
     3     1     2768.00     3294.00        0.50
     3     1     2776.00     3302.00        0.50
     3     1     2780.00     3314.00        0.50
     3     1     2784.00     3326.00        0.50
     3     1     2788.00     3338.00        0.50
     3     1     2796.00     3350.00        0.50
     3     1     2800.00     3362.00        0.50
     3     1     2804.00     3374.00        0.50
     3     1     2808.00     3386.00        0.50
     3     1     2812.00     3398.00        0.50
     3     1     2816.00     3410.00        0.50
     3     1     2820.00     3422.00        0.50
     3     1     2820.00     3434.00        0.50
     3     1     2824.00     3446.00        0.50
     3     1     2828.00     3458.00        0.50
     3     1     2832.00     3470.00        0.50
     3     1     2832.00     3482.00        0.50
     3     1     2832.00     3494.00        0.50
     3     1     2836.00     3506.00        0.50
     3     1     2836.00     3518.00        0.50
     3     1     2836.00     3530.00        0.50
     3     1     2840.00     3542.00        0.50
     3     1     2840.00     3554.00        0.50
     3     1     2840.00     3566.00        0.50
     3     1     2844.00     3578.00        0.50
     3     1     2844.00     3590.00        0.50
     3     1     2844.00     3602.00        0.50
