     0     0     1670.00     1749.00        0.50
     0     0     1676.00     1749.00        0.50
     0     0     1680.00     1753.00        0.50
     0     0     1686.00     1755.00        0.50
     0     0     1692.00     1757.00        0.50
     0     0     1696.00     1761.00        0.50
     0     0     1702.00     1763.00        0.50
     0     0     1708.00     1765.00        0.50
     0     0     1712.00     1769.00        0.50
     0     0     1718.00     1771.00        0.50
     0     0     1724.00     1773.00        0.50
     0     0     1728.00     1777.00        0.50
     0     0     1734.00     1779.00        0.50
     0     0     1740.00     1781.00        0.50
     0     0     1744.00     1785.00        0.50
     0     0     1750.00     1789.00        0.50
     0     0     1754.00     1793.00        0.50
     0     0     1758.00     1797.00        0.50
     0     0     1762.00     1801.00        0.50
     0     0     1766.00     1805.00        0.50
     0     0     1770.00     1809.00        0.50
     0     0     1772.00     1815.00        0.50
     0     0     1776.00     1819.00        0.50
     0     0     1778.00     1825.00        0.50
     0     0     1782.00     1829.00        0.50
     0     0     1782.00     1835.00        0.50
     0     0     1784.00     1841.00        0.50
     0     0     1786.00     1847.00        0.50
     0     0     1786.00     1853.00        0.50
     0     0     1786.00     1859.00        0.50
     0     0     1786.00     1865.00        0.50
     0     0     1786.00     1871.00        0.50
     0     0     1786.00     1877.00        0.50
     0     0     1786.00     1883.00        0.50
     0     0     1786.00     1889.00        0.50
     0     0     1786.00     1895.00        0.50
     0     0     1784.00     1901.00        0.50
     0     0     1784.00     1907.00        0.50
     0     0     1782.00     1913.00        0.50
     0     0     1782.00     1919.00        0.50
     0     0     1780.00     1925.00        0.50
     0     0     1778.00     1931.00        0.50
     0     0     1774.00     1937.00        0.50
     0     0     1772.00     1943.00        0.50
     0     0     1768.00     1949.00        0.50
     0     0     1766.00     1955.00        0.50
     0     0     1762.00     1961.00        0.50
     0     0     1758.00     1965.00        0.50
     0     0     1756.00     1971.00        0.50
     0     0     1752.00     1975.00        0.50
     0     0     1748.00     1979.00        0.50
     0     0     1744.00     1983.00        0.50
     0     0     1740.00     1987.00        0.50
     0     0     1736.00     1991.00        0.50
     0     0     1730.00     1993.00        0.50
     0     0     1726.00     1997.00        0.50
     0     0     1722.00     2001.00        0.50
     0     0     1716.00     2003.00        0.50
     0     0     1710.00     2007.00        0.50
     0     0     1704.00     2009.00        0.50
     0     0     1698.00     2011.00        0.50
     0     0     1692.00     2013.00        0.50
     0     0     1688.00     2017.00        0.50
     0     0     1682.00     2017.00        0.50
     0     0     1674.00     2019.00        0.50
     0     0     1668.00     2021.00        0.50
     0     0     1662.00     2023.00        0.50
     0     0     1656.00     2023.00        0.50
     0     0     1650.00     2025.00        0.50
     0     0     1644.00     2025.00        0.50
     0     0     1638.00     2027.00        0.50
     0     0     1632.00     2027.00        0.50
     0     0     1626.00     2027.00        0.50
     0     0     1620.00     2027.00        0.50
     0     0     1614.00     2027.00        0.50
     0     0     1608.00     2027.00        0.50
     0     0     1602.00     2027.00        0.50
     0     0     1596.00     2027.00        0.50
     0     0     1590.00     2027.00        0.50
     0     0     1584.00     2027.00        0.50
     0     0     1578.00     2025.00        0.50
     0     0     1574.00     2021.00        0.50
     0     0     1568.00     2019.00        0.50
     0     0     1562.00     2017.00        0.50
     0     0     1558.00     2013.00        0.50
     0     0     1552.00     2011.00        0.50
     0     0     1548.00     2007.00        0.50
     0     0     1542.00     2005.00        0.50
     0     0     1538.00     2001.00        0.50
     0     0     1534.00     1997.00        0.50
     0     0     1530.00     1993.00        0.50
     0     0     1526.00     1989.00        0.50
     0     0     1524.00     1983.00        0.50
     0     0     1520.00     1979.00        0.50
     0     0     1518.00     1973.00        0.50
     0     0     1514.00     1969.00        0.50
     0     0     1512.00     1963.00        0.50
     0     0     1510.00     1957.00        0.50
     0     0     1506.00     1951.00        0.50
     0     0     1504.00     1945.00        0.50
     0     0     1504.00     1939.00        0.50
     0     0     1502.00     1933.00        0.50
     0     0     1500.00     1925.00        0.50
     0     0     1498.00     1919.00        0.50
     0     0     1496.00     1913.00        0.50
     0     0     1496.00     1907.00        0.50
     0     0     1496.00     1901.00        0.50
     0     0     1498.00     1895.00        0.50
     0     0     1500.00     1889.00        0.50
     0     0     1502.00     1883.00        0.50
     0     0     1506.00     1877.00        0.50
     0     0     1510.00     1871.00        0.50
     0     0     1512.00     1865.00        0.50
     0     0     1514.00     1859.00        0.50
     0     0     1518.00     1855.00        0.50
     0     0     1520.00     1849.00        0.50
     0     0     1522.00     1843.00        0.50
     0     0     1524.00     1837.00        0.50
     0     0     1528.00     1833.00        0.50
     0     0     1530.00     1827.00        0.50
     0     0     1534.00     1821.00        0.50
     0     0     1536.00     1815.00        0.50
     0     0     1538.00     1809.00        0.50
     0     0     1542.00     1805.00        0.50
     0     0     1544.00     1799.00        0.50
     0     0     1548.00     1795.00        0.50
     0     0     1550.00     1789.00        0.50
     0     0     1554.00     1785.00        0.50
     1     0     1674.00     1773.00        0.50
     1     0     1680.00     1775.00        0.50
     1     0     1684.00     1779.00        0.50
     1     0     1690.00     1781.00        0.50
     1     0     1694.00     1785.00        0.50
     1     0     1700.00     1787.00        0.50
     1     0     1704.00     1791.00        0.50
     1     0     1710.00     1793.00        0.50
     1     0     1716.00     1795.00        0.50
     1     0     1720.00     1799.00        0.50
     1     0     1726.00     1803.00        0.50
     1     0     1732.00     1807.00        0.50
     1     0     1736.00     1811.00        0.50
     1     0     1740.00     1815.00        0.50
     1     0     1744.00     1819.00        0.50
     1     0     1748.00     1823.00        0.50
     1     0     1750.00     1829.00        0.50
     1     0     1754.00     1833.00        0.50
     1     0     1756.00     1839.00        0.50
     1     0     1760.00     1843.00        0.50
     1     0     1760.00     1849.00        0.50
     1     0     1762.00     1855.00        0.50
     1     0     1764.00     1861.00        0.50
     1     0     1764.00     1867.00        0.50
     1     0     1764.00     1873.00        0.50
     1     0     1764.00     1879.00        0.50
     1     0     1764.00     1885.00        0.50
     1     0     1762.00     1891.00        0.50
     1     0     1762.00     1897.00        0.50
     1     0     1760.00     1903.00        0.50
     1     0     1760.00     1909.00        0.50
     1     0     1756.00     1913.00        0.50
     1     0     1754.00     1919.00        0.50
     1     0     1750.00     1923.00        0.50
     1     0     1746.00     1927.00        0.50
     1     0     1744.00     1933.00        0.50
     1     0     1740.00     1937.00        0.50
     1     0     1736.00     1941.00        0.50
     1     0     1732.00     1945.00        0.50
     1     0     1728.00     1949.00        0.50
     1     0     1724.00     1953.00        0.50
     1     0     1722.00     1959.00        0.50
     1     0     1716.00     1961.00        0.50
     1     0     1712.00     1965.00        0.50
     1     0     1706.00     1969.00        0.50
     1     0     1700.00     1973.00        0.50
     1     0     1694.00     1973.00        0.50
     1     0     1690.00     1977.00        0.50
     1     0     1684.00     1979.00        0.50
     1     0     1678.00     1981.00        0.50
     1     0     1672.00     1985.00        0.50
     1     0     1666.00     1985.00        0.50
     1     0     1660.00     1989.00        0.50
     1     0     1654.00     1991.00        0.50
     1     0     1648.00     1991.00        0.50
     1     0     1642.00     1993.00        0.50
     1     0     1636.00     1995.00        0.50
     1     0     1630.00     1995.00        0.50
     1     0     1624.00     1995.00        0.50
     1     0     1618.00     1995.00        0.50
     1     0     1612.00     1995.00        0.50
     1     0     1606.00     1995.00        0.50
     1     0     1600.00     1995.00        0.50
     1     0     1594.00     1995.00        0.50
     1     0     1588.00     1995.00        0.50
     1     0     1582.00     1993.00        0.50
     1     0     1576.00     1991.00        0.50
     1     0     1570.00     1989.00        0.50
     1     0     1564.00     1985.00        0.50
     1     0     1558.00     1981.00        0.50
     1     0     1554.00     1977.00        0.50
     1     0     1550.00     1973.00        0.50
     1     0     1546.00     1969.00        0.50
     1     0     1542.00     1965.00        0.50
     1     0     1540.00     1959.00        0.50
     1     0     1538.00     1953.00        0.50
     1     0     1534.00     1949.00        0.50
     1     0     1532.00     1943.00        0.50
     1     0     1532.00     1937.00        0.50
     1     0     1530.00     1931.00        0.50
     1     0     1530.00     1925.00        0.50
     1     0     1530.00     1919.00        0.50
     1     0     1530.00     1913.00        0.50
     1     0     1530.00     1907.00        0.50
     1     0     1530.00     1901.00        0.50
     1     0     1532.00     1895.00        0.50
     1     0     1534.00     1889.00        0.50
     1     0     1536.00     1883.00        0.50
     1     0     1540.00     1877.00        0.50
     1     0     1542.00     1871.00        0.50
     1     0     1546.00     1867.00        0.50
     1     0     1548.00     1861.00        0.50
     1     0     1552.00     1857.00        0.50
     1     0     1554.00     1851.00        0.50
     1     0     1558.00     1847.00        0.50
     1     0     1560.00     1841.00        0.50
     1     0     1564.00     1837.00        0.50
     1     0     1568.00     1831.00        0.50
     1     0     1570.00     1825.00        0.50
     1     0     1574.00     1821.00        0.50
     1     0     1578.00     1817.00        0.50
     2     0     1718.00     1671.00        0.50
     2     0     1722.00     1667.00        0.50
     2     0     1726.00     1663.00        0.50
     2     0     1732.00     1661.00        0.50
     2     0     1736.00     1657.00        0.50
     2     0     1742.00     1653.00        0.50
     2     0     1746.00     1649.00        0.50
     2     0     1752.00     1645.00        0.50
     2     0     1758.00     1641.00        0.50
     2     0     1762.00     1637.00        0.50
     2     0     1768.00     1635.00        0.50
     2     0     1772.00     1631.00        0.50
     2     0     1776.00     1627.00        0.50
     2     0     1782.00     1625.00        0.50
     2     0     1786.00     1621.00        0.50
     2     0     1792.00     1617.00        0.50
     2     0     1798.00     1613.00        0.50
     2     0     1804.00     1609.00        0.50
     2     0     1808.00     1605.00        0.50
     2     0     1814.00     1601.00        0.50
     2     0     1820.00     1597.00        0.50
     2     0     1826.00     1591.00        0.50
     2     0     1830.00     1587.00        0.50
     2     0     1834.00     1583.00        0.50
     2     0     1840.00     1581.00        0.50
     2     0     1844.00     1577.00        0.50
     2     0     1848.00     1573.00        0.50
     2     0     1852.00     1569.00        0.50
     2     0     1856.00     1565.00        0.50
     2     0     1862.00     1563.00        0.50
     2     0     1866.00     1559.00        0.50
     2     0     1872.00     1557.00        0.50
     2     0     1876.00     1553.00        0.50
     2     0     1882.00     1549.00        0.50
     2     0     1888.00     1547.00        0.50
     2     0     1892.00     1543.00        0.50
     2     0     1898.00     1541.00        0.50
     2     0     1904.00     1537.00        0.50
     2     0     1910.00     1535.00        0.50
     2     0     1916.00     1531.00        0.50
     2     0     1922.00     1529.00        0.50
     2     0     1926.00     1525.00        0.50
     2     0     1932.00     1523.00        0.50
     2     0     1938.00     1521.00        0.50
     2     0     1944.00     1519.00        0.50
     2     0     1950.00     1517.00        0.50
     2     0     1956.00     1515.00        0.50
     2     0     1962.00     1513.00        0.50
     2     0     1968.00     1509.00        0.50
     2     0     1974.00     1507.00        0.50
     2     0     1982.00     1507.00        0.50
     2     0     1988.00     1505.00        0.50
     2     0     1994.00     1503.00        0.50
     2     0     2002.00     1501.00        0.50
     2     0     2010.00     1497.00        0.50
     2     0     2020.00     1495.00        0.50
     2     0     2026.00     1495.00        0.50
     2     0     2032.00     1493.00        0.50
     2     0     2038.00     1493.00        0.50
     2     0     2046.00     1493.00        0.50
     2     0     2054.00     1491.00        0.50
     2     0     2062.00     1491.00        0.50
     2     0     2070.00     1491.00        0.50
     2     0     2078.00     1491.00        0.50
     2     0     2086.00     1491.00        0.50
     2     0     2094.00     1493.00        0.50
     2     0     2102.00     1493.00        0.50
     2     0     2112.00     1493.00        0.50
     2     0     2120.00     1493.00        0.50
     2     0     2128.00     1491.00        0.50
     2     0     2136.00     1491.00        0.50
     2     0     2144.00     1491.00        0.50
     2     0     2152.00     1489.00        0.50
     2     0     2158.00     1487.00        0.50
     2     0     2164.00     1485.00        0.50
     2     0     2170.00     1483.00        0.50
     2     0     2176.00     1481.00        0.50
     2     0     2182.00     1481.00        0.50
     2     0     2188.00     1479.00        0.50
     2     0     2194.00     1479.00        0.50
     2     0     2200.00     1479.00        0.50
     2     0     2206.00     1479.00        0.50
     2     0     2214.00     1479.00        0.50
     2     0     2220.00     1481.00        0.50
     2     0     2228.00     1483.00        0.50
     2     0     2234.00     1485.00        0.50
     2     0     2240.00     1487.00        0.50
     2     0     2244.00     1491.00        0.50
     2     0     2248.00     1495.00        0.50
     2     0     2252.00     1499.00        0.50
     2     0     2254.00     1505.00        0.50
     2     0     2256.00     1511.00        0.50
     2     0     2258.00     1517.00        0.50
     2     0     2260.00     1523.00        0.50
     2     0     2262.00     1529.00        0.50
     2     0     2264.00     1535.00        0.50
     2     0     2268.00     1539.00        0.50
     2     0     2272.00     1545.00        0.50
     2     0     2276.00     1551.00        0.50
     2     0     2280.00     1555.00        0.50
     2     0     2284.00     1559.00        0.50
     2     0     2288.00     1563.00        0.50
     2     0     2292.00     1569.00        0.50
     2     0     2296.00     1573.00        0.50
     2     0     2300.00     1577.00        0.50
     2     0     2306.00     1581.00        0.50
     2     0     2312.00     1589.00        0.50
     2     0     2316.00     1593.00        0.50
     2     0     2320.00     1597.00        0.50
     2     0     2326.00     1601.00        0.50
     2     0     2332.00     1605.00        0.50
     2     0     2338.00     1609.00        0.50
     2     0     2342.00     1613.00        0.50
     2     0     2348.00     1617.00        0.50
     2     0     2354.00     1621.00        0.50
     2     0     2358.00     1625.00        0.50
     2     0     2362.00     1631.00        0.50
     2     0     2366.00     1635.00        0.50
     2     0     2370.00     1639.00        0.50
     2     0     2372.00     1645.00        0.50
     2     0     2374.00     1651.00        0.50
     2     0     2376.00     1657.00        0.50
     2     0     2378.00     1663.00        0.50
     2     0     2380.00     1669.00        0.50
     2     0     2380.00     1675.00        0.50
     2     0     2382.00     1681.00        0.50
     2     0     2382.00     1687.00        0.50
     2     0     2382.00     1693.00        0.50
     2     0     2382.00     1699.00        0.50
     2     0     2382.00     1705.00        0.50
     2     0     2382.00     1711.00        0.50
     2     0     2382.00     1719.00        0.50
     2     0     2384.00     1725.00        0.50
     2     0     2384.00     1731.00        0.50
     2     0     2384.00     1737.00        0.50
     2     0     2386.00     1743.00        0.50
     2     0     2386.00     1749.00        0.50
     2     0     2386.00     1755.00        0.50
     2     0     2386.00     1761.00        0.50
     2     0     2388.00     1767.00        0.50
     2     0     2388.00     1773.00        0.50
     2     0     2388.00     1779.00        0.50
     2     0     2390.00     1785.00        0.50
     2     0     2392.00     1791.00        0.50
     2     0     2394.00     1797.00        0.50
     2     0     2396.00     1803.00        0.50
     2     0     2400.00     1809.00        0.50
     2     0     2404.00     1815.00        0.50
     2     0     2406.00     1821.00        0.50
     2     0     2410.00     1825.00        0.50
     2     0     2412.00     1831.00        0.50
     2     0     2416.00     1837.00        0.50
     2     0     2418.00     1843.00        0.50
     2     0     2420.00     1849.00        0.50
     2     0     2422.00     1855.00        0.50
     2     0     2424.00     1861.00        0.50
     2     0     2424.00     1867.00        0.50
     2     0     2426.00     1873.00        0.50
     2     0     2428.00     1879.00        0.50
     2     0     2428.00     1885.00        0.50
     2     0     2430.00     1891.00        0.50
     2     0     2434.00     1895.00        0.50
     2     0     2436.00     1901.00        0.50
     2     0     2438.00     1907.00        0.50
     2     0     2442.00     1913.00        0.50
     2     0     2444.00     1919.00        0.50
     2     0     2446.00     1925.00        0.50
     2     0     2450.00     1931.00        0.50
     2     1     1512.00     1759.00        0.50
     2     1     1502.00     1765.00        0.50
     2     1     1496.00     1767.00        0.50
     2     1     1492.00     1771.00        0.50
     2     1     1486.00     1775.00        0.50
     2     1     1482.00     1779.00        0.50
     2     1     1476.00     1783.00        0.50
     2     1     1472.00     1787.00        0.50
     2     1     1468.00     1791.00        0.50
     2     1     1464.00     1795.00        0.50
     2     1     1458.00     1797.00        0.50
     2     1     1454.00     1801.00        0.50
     2     1     1450.00     1805.00        0.50
     2     1     1444.00     1807.00        0.50
     2     1     1440.00     1811.00        0.50
     2     1     1436.00     1815.00        0.50
     2     1     1432.00     1819.00        0.50
     2     1     1426.00     1821.00        0.50
     2     1     1422.00     1825.00        0.50
     2     1     1416.00     1829.00        0.50
     2     1     1410.00     1833.00        0.50
     2     1     1406.00     1837.00        0.50
     2     1     1400.00     1839.00        0.50
     2     1     1396.00     1843.00        0.50
     2     1     1392.00     1847.00        0.50
     2     1     1386.00     1849.00        0.50
     2     1     1380.00     1851.00        0.50
     2     1     1374.00     1855.00        0.50
     2     1     1368.00     1857.00        0.50
     2     1     1362.00     1861.00        0.50
     2     1     1356.00     1863.00        0.50
     2     1     1350.00     1865.00        0.50
     2     1     1344.00     1867.00        0.50
     2     1     1338.00     1869.00        0.50
     2     1     1332.00     1871.00        0.50
     2     1     1326.00     1871.00        0.50
     2     1     1320.00     1871.00        0.50
     2     1     1314.00     1871.00        0.50
     2     1     1308.00     1871.00        0.50
     2     1     1302.00     1871.00        0.50
     2     1     1296.00     1869.00        0.50
     2     1     1290.00     1869.00        0.50
     2     1     1284.00     1869.00        0.50
     2     1     1278.00     1867.00        0.50
     2     1     1272.00     1865.00        0.50
     2     1     1266.00     1863.00        0.50
     2     1     1260.00     1861.00        0.50
     2     1     1254.00     1859.00        0.50
     2     1     1248.00     1857.00        0.50
     2     1     1242.00     1853.00        0.50
     2     1     1236.00     1853.00        0.50
     2     1     1232.00     1849.00        0.50
     2     1     1226.00     1847.00        0.50
     2     1     1220.00     1845.00        0.50
     2     1     1214.00     1843.00        0.50
     2     1     1208.00     1841.00        0.50
     2     1     1202.00     1839.00        0.50
     2     1     1196.00     1837.00        0.50
     2     1     1190.00     1835.00        0.50
     2     1     1184.00     1833.00        0.50
     2     1     1178.00     1831.00        0.50
     2     1     1172.00     1831.00        0.50
     2     1     1166.00     1827.00        0.50
     2     1     1160.00     1825.00        0.50
     2     1     1154.00     1823.00        0.50
     2     1     1148.00     1821.00        0.50
     2     1     1142.00     1821.00        0.50
     2     1     1136.00     1819.00        0.50
     2     1     1130.00     1817.00        0.50
     2     1     1124.00     1815.00        0.50
     2     1     1120.00     1811.00        0.50
     2     1     1114.00     1809.00        0.50
     2     1     1108.00     1807.00        0.50
     2     1     1102.00     1805.00        0.50
     2     1     1096.00     1803.00        0.50
     2     1     1090.00     1799.00        0.50
     2     1     1084.00     1797.00        0.50
     2     1     1078.00     1795.00        0.50
     2     1     1072.00     1793.00        0.50
     2     1     1066.00     1791.00        0.50
     2     1     1060.00     1789.00        0.50
     2     1     1054.00     1787.00        0.50
     2     1     1048.00     1785.00        0.50
     2     1     1042.00     1783.00        0.50
     2     1     1036.00     1783.00        0.50
     2     1     1030.00     1781.00        0.50
     2     1     1024.00     1777.00        0.50
     2     1     1018.00     1777.00        0.50
     2     1     1012.00     1773.00        0.50
     2     1     1006.00     1771.00        0.50
     2     1     1000.00     1769.00        0.50
     2     1      994.00     1767.00        0.50
     2     1      990.00     1763.00        0.50
     2     1      986.00     1759.00        0.50
     2     1      980.00     1755.00        0.50
     2     1      976.00     1751.00        0.50
     3     0     1706.00     1651.00        0.50
     3     0     1712.00     1649.00        0.50
     3     0     1716.00     1645.00        0.50
     3     0     1720.00     1641.00        0.50
     3     0     1726.00     1637.00        0.50
     3     0     1730.00     1633.00        0.50
     3     0     1736.00     1631.00        0.50
     3     0     1740.00     1627.00        0.50
     3     0     1744.00     1623.00        0.50
     3     0     1748.00     1619.00        0.50
     3     0     1754.00     1615.00        0.50
     3     0     1760.00     1613.00        0.50
     3     0     1764.00     1607.00        0.50
     3     0     1768.00     1603.00        0.50
     3     0     1772.00     1599.00        0.50
     3     0     1776.00     1595.00        0.50
     3     0     1780.00     1591.00        0.50
     3     0     1784.00     1587.00        0.50
     3     0     1790.00     1583.00        0.50
     3     0     1796.00     1581.00        0.50
     3     0     1800.00     1577.00        0.50
     3     0     1806.00     1575.00        0.50
     3     0     1810.00     1571.00        0.50
     3     0     1816.00     1569.00        0.50
     3     0     1820.00     1565.00        0.50
     3     0     1826.00     1563.00        0.50
     3     0     1832.00     1559.00        0.50
     3     0     1838.00     1555.00        0.50
     3     0     1844.00     1551.00        0.50
     3     0     1850.00     1547.00        0.50
     3     0     1856.00     1543.00        0.50
     3     0     1862.00     1539.00        0.50
     3     0     1868.00     1537.00        0.50
     3     0     1874.00     1535.00        0.50
     3     0     1878.00     1531.00        0.50
     3     0     1884.00     1529.00        0.50
     3     0     1890.00     1527.00        0.50
     3     0     1894.00     1523.00        0.50
     3     0     1900.00     1521.00        0.50
     3     0     1906.00     1519.00        0.50
     3     0     1912.00     1515.00        0.50
     3     0     1918.00     1513.00        0.50
     3     0     1924.00     1511.00        0.50
     3     0     1930.00     1507.00        0.50
     3     0     1936.00     1505.00        0.50
     3     0     1942.00     1503.00        0.50
     3     0     1948.00     1501.00        0.50
     3     0     1954.00     1501.00        0.50
     3     0     1960.00     1499.00        0.50
     3     0     1966.00     1497.00        0.50
     3     0     1972.00     1495.00        0.50
     3     0     1978.00     1495.00        0.50
     3     0     1984.00     1493.00        0.50
     3     0     1990.00     1491.00        0.50
     3     0     1996.00     1489.00        0.50
     3     0     2002.00     1487.00        0.50
     3     0     2008.00     1485.00        0.50
     3     0     2014.00     1483.00        0.50
     3     0     2020.00     1481.00        0.50
     3     0     2026.00     1479.00        0.50
     3     0     2032.00     1477.00        0.50
     3     0     2038.00     1477.00        0.50
     3     0     2044.00     1475.00        0.50
     3     0     2050.00     1473.00        0.50
     3     0     2056.00     1473.00        0.50
     3     0     2062.00     1471.00        0.50
     3     0     2068.00     1471.00        0.50
     3     0     2074.00     1469.00        0.50
     3     0     2080.00     1469.00        0.50
     3     0     2086.00     1469.00        0.50
     3     0     2092.00     1467.00        0.50
     3     0     2098.00     1467.00        0.50
     3     0     2104.00     1467.00        0.50
     3     0     2110.00     1467.00        0.50
     3     0     2116.00     1467.00        0.50
     3     0     2122.00     1467.00        0.50
     3     0     2128.00     1467.00        0.50
     3     0     2134.00     1467.00        0.50
     3     0     2140.00     1467.00        0.50
     3     0     2146.00     1467.00        0.50
     3     0     2152.00     1467.00        0.50
     3     0     2158.00     1465.00        0.50
     3     0     2164.00     1465.00        0.50
     3     0     2170.00     1465.00        0.50
     3     0     2176.00     1465.00        0.50
     3     0     2182.00     1465.00        0.50
     3     0     2188.00     1465.00        0.50
     3     0     2194.00     1465.00        0.50
     3     0     2200.00     1463.00        0.50
     3     0     2206.00     1463.00        0.50
     3     0     2212.00     1463.00        0.50
     3     0     2218.00     1463.00        0.50
     3     0     2224.00     1463.00        0.50
     3     0     2230.00     1463.00        0.50
     3     0     2236.00     1463.00        0.50
     3     0     2242.00     1463.00        0.50
     3     0     2248.00     1465.00        0.50
     3     0     2254.00     1467.00        0.50
     3     0     2258.00     1471.00        0.50
     3     0     2264.00     1473.00        0.50
     3     0     2268.00     1477.00        0.50
     3     0     2272.00     1481.00        0.50
     3     0     2278.00     1485.00        0.50
     3     0     2282.00     1489.00        0.50
     3     0     2284.00     1495.00        0.50
     3     0     2288.00     1501.00        0.50
     3     0     2290.00     1507.00        0.50
     3     0     2292.00     1513.00        0.50
     3     0     2294.00     1519.00        0.50
     3     0     2296.00     1525.00        0.50
     3     0     2298.00     1531.00        0.50
     3     0     2300.00     1537.00        0.50
     3     0     2302.00     1543.00        0.50
     3     0     2306.00     1547.00        0.50
     3     0     2310.00     1551.00        0.50
     3     0     2314.00     1555.00        0.50
     3     0     2316.00     1561.00        0.50
     3     0     2320.00     1565.00        0.50
     3     0     2324.00     1569.00        0.50
     3     0     2330.00     1573.00        0.50
     3     0     2334.00     1577.00        0.50
     3     0     2340.00     1579.00        0.50
     3     0     2344.00     1583.00        0.50
     3     0     2348.00     1587.00        0.50
     3     0     2354.00     1589.00        0.50
     3     0     2358.00     1593.00        0.50
     3     0     2364.00     1597.00        0.50
     3     0     2370.00     1599.00        0.50
     3     0     2374.00     1603.00        0.50
     3     0     2378.00     1607.00        0.50
     3     0     2382.00     1611.00        0.50
     3     0     2386.00     1615.00        0.50
     3     0     2388.00     1621.00        0.50
     3     0     2392.00     1627.00        0.50
     3     0     2394.00     1633.00        0.50
     3     0     2396.00     1639.00        0.50
     3     0     2398.00     1645.00        0.50
     3     0     2400.00     1651.00        0.50
     3     0     2402.00     1657.00        0.50
     3     0     2402.00     1663.00        0.50
     3     0     2406.00     1669.00        0.50
     3     0     2406.00     1675.00        0.50
     3     0     2408.00     1681.00        0.50
     3     0     2408.00     1687.00        0.50
     3     0     2408.00     1693.00        0.50
     3     0     2410.00     1699.00        0.50
     3     0     2410.00     1705.00        0.50
     3     0     2410.00     1711.00        0.50
     3     0     2410.00     1717.00        0.50
     3     0     2410.00     1723.00        0.50
     3     0     2410.00     1729.00        0.50
     3     0     2410.00     1735.00        0.50
     3     0     2410.00     1741.00        0.50
     3     0     2410.00     1747.00        0.50
     3     0     2412.00     1753.00        0.50
     3     0     2412.00     1759.00        0.50
     3     0     2412.00     1767.00        0.50
     3     0     2414.00     1775.00        0.50
     3     0     2416.00     1785.00        0.50
     3     0     2418.00     1793.00        0.50
     3     0     2420.00     1801.00        0.50
     3     0     2422.00     1811.00        0.50
     3     0     2424.00     1819.00        0.50
     3     0     2426.00     1825.00        0.50
     3     0     2428.00     1831.00        0.50
     3     0     2430.00     1837.00        0.50
     3     0     2432.00     1843.00        0.50
     3     0     2434.00     1849.00        0.50
     3     0     2438.00     1855.00        0.50
     3     0     2440.00     1861.00        0.50
     3     0     2444.00     1865.00        0.50
     3     0     2446.00     1871.00        0.50
     3     0     2448.00     1877.00        0.50
     3     0     2450.00     1883.00        0.50
     3     0     2454.00     1887.00        0.50
     3     0     2456.00     1893.00        0.50
     3     0     2458.00     1899.00        0.50
     3     0     2460.00     1905.00        0.50
     3     1      988.00     1729.00        0.50
     3     1      994.00     1731.00        0.50
     3     1     1000.00     1733.00        0.50
     3     1     1004.00     1737.00        0.50
     3     1     1010.00     1739.00        0.50
     3     1     1014.00     1743.00        0.50
     3     1     1020.00     1745.00        0.50
     3     1     1024.00     1749.00        0.50
     3     1     1030.00     1751.00        0.50
     3     1     1036.00     1753.00        0.50
     3     1     1040.00     1757.00        0.50
     3     1     1046.00     1759.00        0.50
     3     1     1052.00     1761.00        0.50
     3     1     1058.00     1763.00        0.50
     3     1     1064.00     1765.00        0.50
     3     1     1070.00     1767.00        0.50
     3     1     1076.00     1769.00        0.50
     3     1     1082.00     1771.00        0.50
     3     1     1088.00     1773.00        0.50
     3     1     1094.00     1773.00        0.50
     3     1     1102.00     1775.00        0.50
     3     1     1108.00     1777.00        0.50
     3     1     1114.00     1779.00        0.50
     3     1     1120.00     1779.00        0.50
     3     1     1126.00     1781.00        0.50
     3     1     1132.00     1781.00        0.50
     3     1     1138.00     1783.00        0.50
     3     1     1144.00     1785.00        0.50
     3     1     1150.00     1787.00        0.50
     3     1     1156.00     1787.00        0.50
     3     1     1160.00     1791.00        0.50
     3     1     1166.00     1791.00        0.50
     3     1     1172.00     1795.00        0.50
     3     1     1178.00     1797.00        0.50
     3     1     1184.00     1799.00        0.50
     3     1     1190.00     1801.00        0.50
     3     1     1196.00     1803.00        0.50
     3     1     1202.00     1805.00        0.50
     3     1     1208.00     1807.00        0.50
     3     1     1214.00     1809.00        0.50
     3     1     1220.00     1811.00        0.50
     3     1     1226.00     1813.00        0.50
     3     1     1232.00     1817.00        0.50
     3     1     1238.00     1819.00        0.50
     3     1     1244.00     1819.00        0.50
     3     1     1250.00     1823.00        0.50
     3     1     1256.00     1825.00        0.50
     3     1     1262.00     1827.00        0.50
     3     1     1268.00     1829.00        0.50
     3     1     1274.00     1831.00        0.50
     3     1     1280.00     1833.00        0.50
     3     1     1286.00     1835.00        0.50
     3     1     1292.00     1835.00        0.50
     3     1     1298.00     1837.00        0.50
     3     1     1304.00     1837.00        0.50
     3     1     1310.00     1839.00        0.50
     3     1     1316.00     1839.00        0.50
     3     1     1322.00     1839.00        0.50
     3     1     1328.00     1839.00        0.50
     3     1     1334.00     1839.00        0.50
     3     1     1340.00     1837.00        0.50
     3     1     1346.00     1835.00        0.50
     3     1     1352.00     1833.00        0.50
     3     1     1358.00     1829.00        0.50
     3     1     1364.00     1827.00        0.50
     3     1     1368.00     1823.00        0.50
     3     1     1374.00     1819.00        0.50
     3     1     1378.00     1815.00        0.50
     3     1     1384.00     1813.00        0.50
     3     1     1388.00     1809.00        0.50
     3     1     1392.00     1805.00        0.50
     3     1     1398.00     1803.00        0.50
     3     1     1402.00     1799.00        0.50
     3     1     1408.00     1797.00        0.50
     3     1     1412.00     1793.00        0.50
     3     1     1418.00     1789.00        0.50
     3     1     1424.00     1785.00        0.50
     3     1     1430.00     1781.00        0.50
     3     1     1436.00     1779.00        0.50
     3     1     1440.00     1775.00        0.50
     3     1     1446.00     1773.00        0.50
     3     1     1452.00     1771.00        0.50
     3     1     1458.00     1767.00        0.50
     3     1     1466.00     1763.00        0.50
     3     1     1472.00     1761.00        0.50
     3     1     1478.00     1757.00        0.50
     3     1     1484.00     1755.00        0.50
     3     1     1488.00     1751.00        0.50
     3     1     1494.00     1747.00        0.50
     3     1     1498.00     1743.00        0.50
