     0     0     2496.00     2243.00        0.50
     0     0     2504.00     2237.00        0.50
     0     0     2510.00     2233.00        0.50
     0     0     2516.00     2231.00        0.50
     0     0     2520.00     2227.00        0.50
     0     0     2524.00     2223.00        0.50
     0     0     2528.00     2219.00        0.50
     0     0     2532.00     2213.00        0.50
     0     0     2536.00     2209.00        0.50
     0     0     2540.00     2201.00        0.50
     0     0     2542.00     2195.00        0.50
     0     0     2546.00     2189.00        0.50
     0     0     2550.00     2183.00        0.50
     0     0     2552.00     2177.00        0.50
     0     0     2556.00     2171.00        0.50
     0     0     2560.00     2165.00        0.50
     0     0     2564.00     2159.00        0.50
     0     0     2568.00     2155.00        0.50
     0     0     2572.00     2151.00        0.50
     0     0     2576.00     2147.00        0.50
     0     0     2582.00     2145.00        0.50
     0     0     2588.00     2143.00        0.50
     0     0     2594.00     2139.00        0.50
     0     0     2600.00     2137.00        0.50
     0     0     2606.00     2137.00        0.50
     0     0     2612.00     2137.00        0.50
     0     0     2618.00     2135.00        0.50
     0     0     2624.00     2135.00        0.50
     0     0     2632.00     2135.00        0.50
     0     0     2638.00     2133.00        0.50
     0     0     2646.00     2133.00        0.50
     0     0     2652.00     2133.00        0.50
     0     0     2658.00     2133.00        0.50
     0     0     2664.00     2135.00        0.50
     0     0     2670.00     2135.00        0.50
     0     0     2676.00     2135.00        0.50
     0     0     2682.00     2137.00        0.50
     0     0     2688.00     2137.00        0.50
     0     0     2694.00     2139.00        0.50
     0     0     2700.00     2143.00        0.50
     0     0     2706.00     2145.00        0.50
     0     0     2712.00     2149.00        0.50
     0     0     2718.00     2153.00        0.50
     0     0     2722.00     2157.00        0.50
     0     0     2726.00     2161.00        0.50
     0     0     2730.00     2165.00        0.50
     0     0     2734.00     2169.00        0.50
     0     0     2738.00     2175.00        0.50
     0     0     2742.00     2179.00        0.50
     0     0     2746.00     2185.00        0.50
     0     0     2750.00     2191.00        0.50
     0     0     2754.00     2197.00        0.50
     0     0     2756.00     2203.00        0.50
     0     0     2758.00     2209.00        0.50
     0     0     2760.00     2215.00        0.50
     0     0     2762.00     2221.00        0.50
     0     0     2764.00     2227.00        0.50
     0     0     2764.00     2233.00        0.50
     0     0     2766.00     2239.00        0.50
     0     0     2766.00     2245.00        0.50
     0     0     2766.00     2251.00        0.50
     0     0     2766.00     2257.00        0.50
     0     0     2766.00     2263.00        0.50
     0     0     2766.00     2269.00        0.50
     0     0     2764.00     2275.00        0.50
     0     0     2764.00     2281.00        0.50
     0     0     2762.00     2287.00        0.50
     0     0     2760.00     2293.00        0.50
     0     0     2758.00     2299.00        0.50
     0     0     2756.00     2305.00        0.50
     0     0     2752.00     2313.00        0.50
     0     0     2748.00     2319.00        0.50
     0     0     2746.00     2325.00        0.50
     0     0     2742.00     2329.00        0.50
     0     0     2736.00     2335.00        0.50
     0     0     2732.00     2339.00        0.50
     0     0     2728.00     2343.00        0.50
     0     0     2722.00     2349.00        0.50
     0     0     2716.00     2353.00        0.50
     0     0     2710.00     2355.00        0.50
     0     0     2704.00     2359.00        0.50
     0     0     2698.00     2361.00        0.50
     0     0     2692.00     2365.00        0.50
     0     0     2686.00     2367.00        0.50
     0     0     2676.00     2369.00        0.50
     0     0     2668.00     2371.00        0.50
     0     0     2658.00     2371.00        0.50
     0     0     2652.00     2373.00        0.50
     0     0     2642.00     2373.00        0.50
     0     0     2630.00     2373.00        0.50
     0     0     2620.00     2373.00        0.50
     0     0     2612.00     2373.00        0.50
     0     0     2602.00     2373.00        0.50
     0     0     2594.00     2373.00        0.50
     0     0     2586.00     2371.00        0.50
     0     0     2578.00     2369.00        0.50
     0     0     2570.00     2367.00        0.50
     0     0     2562.00     2363.00        0.50
     0     0     2556.00     2359.00        0.50
     0     0     2548.00     2355.00        0.50
     0     0     2540.00     2351.00        0.50
     0     0     2536.00     2347.00        0.50
     0     0     2530.00     2343.00        0.50
     0     0     2526.00     2339.00        0.50
     0     0     2522.00     2333.00        0.50
     0     1     1396.00     1359.00        0.50
     0     1     1384.00     1359.00        0.50
     0     1     1378.00     1359.00        0.50
     0     1     1372.00     1359.00        0.50
     0     1     1366.00     1359.00        0.50
     0     1     1360.00     1359.00        0.50
     0     1     1354.00     1359.00        0.50
     0     1     1348.00     1359.00        0.50
     0     1     1340.00     1357.00        0.50
     0     1     1332.00     1357.00        0.50
     0     1     1326.00     1355.00        0.50
     0     1     1320.00     1355.00        0.50
     0     1     1314.00     1353.00        0.50
     0     1     1308.00     1349.00        0.50
     0     1     1302.00     1347.00        0.50
     0     1     1298.00     1343.00        0.50
     0     1     1292.00     1341.00        0.50
     0     1     1288.00     1337.00        0.50
     0     1     1284.00     1333.00        0.50
     0     1     1278.00     1329.00        0.50
     0     1     1274.00     1323.00        0.50
     0     1     1270.00     1319.00        0.50
     0     1     1266.00     1313.00        0.50
     0     1     1262.00     1307.00        0.50
     0     1     1260.00     1301.00        0.50
     0     1     1256.00     1295.00        0.50
     0     1     1254.00     1289.00        0.50
     0     1     1252.00     1283.00        0.50
     0     1     1252.00     1277.00        0.50
     0     1     1250.00     1271.00        0.50
     0     1     1250.00     1265.00        0.50
     0     1     1250.00     1259.00        0.50
     0     1     1252.00     1253.00        0.50
     0     1     1254.00     1245.00        0.50
     0     1     1256.00     1239.00        0.50
     0     1     1260.00     1233.00        0.50
     0     1     1264.00     1227.00        0.50
     0     1     1266.00     1221.00        0.50
     0     1     1270.00     1215.00        0.50
     0     1     1274.00     1209.00        0.50
     0     1     1278.00     1203.00        0.50
     0     1     1282.00     1197.00        0.50
     0     1     1286.00     1191.00        0.50
     0     1     1290.00     1185.00        0.50
     0     1     1296.00     1181.00        0.50
     0     1     1302.00     1175.00        0.50
     0     1     1310.00     1169.00        0.50
     0     1     1318.00     1165.00        0.50
     0     1     1324.00     1163.00        0.50
     0     1     1330.00     1159.00        0.50
     0     1     1340.00     1155.00        0.50
     0     1     1350.00     1151.00        0.50
     0     1     1360.00     1149.00        0.50
     0     1     1368.00     1147.00        0.50
     0     1     1378.00     1145.00        0.50
     0     1     1386.00     1143.00        0.50
     0     1     1398.00     1141.00        0.50
     0     1     1406.00     1141.00        0.50
     0     1     1414.00     1141.00        0.50
     0     1     1422.00     1143.00        0.50
     0     1     1428.00     1145.00        0.50
     0     1     1434.00     1149.00        0.50
     0     1     1442.00     1153.00        0.50
     0     1     1448.00     1157.00        0.50
     0     1     1454.00     1161.00        0.50
     0     1     1458.00     1165.00        0.50
     0     1     1462.00     1169.00        0.50
     0     1     1466.00     1173.00        0.50
     0     1     1470.00     1177.00        0.50
     0     1     1476.00     1183.00        0.50
     0     1     1480.00     1189.00        0.50
     0     1     1484.00     1195.00        0.50
     0     1     1488.00     1203.00        0.50
     0     1     1490.00     1211.00        0.50
     0     1     1492.00     1219.00        0.50
     0     1     1494.00     1227.00        0.50
     0     1     1496.00     1235.00        0.50
     0     1     1498.00     1243.00        0.50
     0     1     1498.00     1251.00        0.50
     0     1     1498.00     1259.00        0.50
     0     1     1498.00     1269.00        0.50
     0     1     1496.00     1277.00        0.50
     0     1     1492.00     1285.00        0.50
     0     1     1488.00     1293.00        0.50
     0     1     1486.00     1299.00        0.50
     0     1     1482.00     1305.00        0.50
     0     1     1476.00     1313.00        0.50
     0     1     1472.00     1319.00        0.50
     0     1     1468.00     1325.00        0.50
     0     1     1464.00     1331.00        0.50
     0     1     1458.00     1335.00        0.50
     0     1     1454.00     1339.00        0.50
     0     1     1450.00     1343.00        0.50
     0     1     1444.00     1345.00        0.50
     0     1     1440.00     1349.00        0.50
     0     1     1434.00     1351.00        0.50
     0     1     1428.00     1353.00        0.50
     0     1     1422.00     1355.00        0.50
     0     2      399.00     2685.00        0.50
     0     2      389.00     2689.00        0.50
     0     2      383.00     2689.00        0.50
     0     2      375.00     2691.00        0.50
     0     2      367.00     2693.00        0.50
     0     2      361.00     2695.00        0.50
     0     2      349.00     2699.00        0.50
     0     2      343.00     2701.00        0.50
     0     2      335.00     2701.00        0.50
     0     2      329.00     2703.00        0.50
     0     2      323.00     2705.00        0.50
     0     2      317.00     2707.00        0.50
     0     2      311.00     2709.00        0.50
     0     2      305.00     2709.00        0.50
     0     2      299.00     2709.00        0.50
     0     2      293.00     2711.00        0.50
     0     2      287.00     2711.00        0.50
     0     2      281.00     2711.00        0.50
     0     2      275.00     2711.00        0.50
     0     2      269.00     2711.00        0.50
     0     2      263.00     2709.00        0.50
     0     2      257.00     2707.00        0.50
     0     2      251.00     2705.00        0.50
     0     2      245.00     2701.00        0.50
     0     2      239.00     2699.00        0.50
     0     2      235.00     2695.00        0.50
     0     2      231.00     2691.00        0.50
     0     2      227.00     2687.00        0.50
     0     2      225.00     2681.00        0.50
     0     2      221.00     2675.00        0.50
     0     2      219.00     2669.00        0.50
     0     2      215.00     2663.00        0.50
     0     2      215.00     2657.00        0.50
     0     2      213.00     2651.00        0.50
     0     2      211.00     2645.00        0.50
     0     2      209.00     2639.00        0.50
     0     2      207.00     2633.00        0.50
     0     2      207.00     2627.00        0.50
     0     2      205.00     2621.00        0.50
     0     2      205.00     2615.00        0.50
     0     2      203.00     2609.00        0.50
     0     2      203.00     2603.00        0.50
     0     2      203.00     2595.00        0.50
     0     2      201.00     2587.00        0.50
     0     2      201.00     2579.00        0.50
     0     2      201.00     2573.00        0.50
     0     2      201.00     2565.00        0.50
     0     2      201.00     2557.00        0.50
     0     2      201.00     2549.00        0.50
     0     2      201.00     2541.00        0.50
     0     2      201.00     2533.00        0.50
     0     2      203.00     2525.00        0.50
     0     2      203.00     2519.00        0.50
     0     2      205.00     2511.00        0.50
     0     2      205.00     2505.00        0.50
     0     2      207.00     2497.00        0.50
     0     2      209.00     2489.00        0.50
     0     2      209.00     2483.00        0.50
     0     2      211.00     2477.00        0.50
     0     2      215.00     2469.00        0.50
     0     2      217.00     2463.00        0.50
     0     2      219.00     2457.00        0.50
     0     2      221.00     2451.00        0.50
     0     2      225.00     2447.00        0.50
     0     2      229.00     2443.00        0.50
     0     2      233.00     2439.00        0.50
     0     2      239.00     2437.00        0.50
     0     2      243.00     2433.00        0.50
     0     2      249.00     2429.00        0.50
     0     2      255.00     2427.00        0.50
     0     2      263.00     2421.00        0.50
     0     2      269.00     2419.00        0.50
     0     2      275.00     2417.00        0.50
     0     2      281.00     2415.00        0.50
     0     2      287.00     2413.00        0.50
     0     2      293.00     2411.00        0.50
     0     2      299.00     2411.00        0.50
     0     2      305.00     2409.00        0.50
     0     2      311.00     2409.00        0.50
     0     2      317.00     2409.00        0.50
     0     2      323.00     2409.00        0.50
     0     2      329.00     2407.00        0.50
     0     2      335.00     2407.00        0.50
     0     2      341.00     2407.00        0.50
     0     2      347.00     2407.00        0.50
     0     2      353.00     2407.00        0.50
     0     2      359.00     2407.00        0.50
     0     2      365.00     2407.00        0.50
     0     2      373.00     2407.00        0.50
     0     2      379.00     2409.00        0.50
     0     2      385.00     2411.00        0.50
     0     2      391.00     2413.00        0.50
     0     2      397.00     2415.00        0.50
     0     2      403.00     2419.00        0.50
     0     2      409.00     2423.00        0.50
     0     2      413.00     2427.00        0.50
     0     2      419.00     2431.00        0.50
     0     2      423.00     2435.00        0.50
     0     2      427.00     2439.00        0.50
     0     2      431.00     2443.00        0.50
     0     2      437.00     2447.00        0.50
     0     2      441.00     2451.00        0.50
     0     2      447.00     2457.00        0.50
     0     2      451.00     2463.00        0.50
     0     2      455.00     2469.00        0.50
     0     2      457.00     2475.00        0.50
     0     2      461.00     2483.00        0.50
     0     2      465.00     2489.00        0.50
     0     2      467.00     2495.00        0.50
     0     2      471.00     2501.00        0.50
     0     2      475.00     2507.00        0.50
     0     2      477.00     2513.00        0.50
     0     2      483.00     2523.00        0.50
     0     2      485.00     2529.00        0.50
     0     2      489.00     2535.00        0.50
     0     2      491.00     2541.00        0.50
     0     2      493.00     2547.00        0.50
     0     2      495.00     2555.00        0.50
     0     2      497.00     2563.00        0.50
     0     2      497.00     2571.00        0.50
     0     2      497.00     2579.00        0.50
     0     2      497.00     2587.00        0.50
     0     2      495.00     2595.00        0.50
     0     2      493.00     2605.00        0.50
     0     2      491.00     2617.00        0.50
     0     2      487.00     2627.00        0.50
     0     2      483.00     2637.00        0.50
     0     2      477.00     2647.00        0.50
     0     2      469.00     2655.00        0.50
     0     2      465.00     2659.00        0.50
     0     2      459.00     2667.00        0.50
     0     2      453.00     2671.00        0.50
     0     2      449.00     2675.00        0.50
     1     0     2545.00     2325.00        0.50
     1     0     2553.00     2327.00        0.50
     1     0     2559.00     2327.00        0.50
     1     0     2565.00     2329.00        0.50
     1     0     2571.00     2329.00        0.50
     1     0     2577.00     2331.00        0.50
     1     0     2583.00     2331.00        0.50
     1     0     2589.00     2333.00        0.50
     1     0     2595.00     2335.00        0.50
     1     0     2601.00     2335.00        0.50
     1     0     2607.00     2337.00        0.50
     1     0     2613.00     2337.00        0.50
     1     0     2619.00     2337.00        0.50
     1     0     2625.00     2337.00        0.50
     1     0     2631.00     2337.00        0.50
     1     0     2637.00     2337.00        0.50
     1     0     2643.00     2337.00        0.50
     1     0     2649.00     2337.00        0.50
     1     0     2655.00     2335.00        0.50
     1     0     2661.00     2333.00        0.50
     1     0     2667.00     2331.00        0.50
     1     0     2671.00     2327.00        0.50
     1     0     2677.00     2325.00        0.50
     1     0     2683.00     2323.00        0.50
     1     0     2687.00     2319.00        0.50
     1     0     2693.00     2317.00        0.50
     1     0     2697.00     2313.00        0.50
     1     0     2701.00     2309.00        0.50
     1     0     2705.00     2305.00        0.50
     1     0     2709.00     2299.00        0.50
     1     0     2713.00     2295.00        0.50
     1     0     2715.00     2289.00        0.50
     1     0     2717.00     2283.00        0.50
     1     0     2721.00     2277.00        0.50
     1     0     2723.00     2271.00        0.50
     1     0     2723.00     2265.00        0.50
     1     0     2725.00     2259.00        0.50
     1     0     2725.00     2253.00        0.50
     1     0     2723.00     2247.00        0.50
     1     0     2721.00     2241.00        0.50
     1     0     2717.00     2235.00        0.50
     1     0     2715.00     2229.00        0.50
     1     0     2713.00     2223.00        0.50
     1     0     2709.00     2217.00        0.50
     1     0     2707.00     2211.00        0.50
     1     0     2703.00     2207.00        0.50
     1     0     2701.00     2201.00        0.50
     1     0     2699.00     2195.00        0.50
     1     0     2695.00     2191.00        0.50
     1     0     2691.00     2187.00        0.50
     1     0     2687.00     2183.00        0.50
     1     0     2681.00     2179.00        0.50
     1     0     2675.00     2177.00        0.50
     1     0     2669.00     2173.00        0.50
     1     0     2663.00     2171.00        0.50
     1     0     2657.00     2169.00        0.50
     1     0     2651.00     2167.00        0.50
     1     0     2645.00     2165.00        0.50
     1     0     2639.00     2165.00        0.50
     1     0     2633.00     2165.00        0.50
     1     0     2627.00     2167.00        0.50
     1     0     2621.00     2169.00        0.50
     1     0     2615.00     2171.00        0.50
     1     0     2611.00     2175.00        0.50
     1     0     2605.00     2177.00        0.50
     1     0     2599.00     2181.00        0.50
     1     0     2593.00     2183.00        0.50
     1     0     2589.00     2187.00        0.50
     1     0     2585.00     2191.00        0.50
     1     0     2581.00     2195.00        0.50
     1     0     2579.00     2201.00        0.50
     1     0     2577.00     2207.00        0.50
     1     0     2573.00     2211.00        0.50
     1     0     2571.00     2217.00        0.50
     1     0     2569.00     2223.00        0.50
     1     0     2567.00     2229.00        0.50
     1     0     2563.00     2235.00        0.50
     1     0     2561.00     2241.00        0.50
     1     0     2557.00     2245.00        0.50
     1     0     2553.00     2251.00        0.50
     1     0     2549.00     2255.00        0.50
     1     0     2545.00     2259.00        0.50
     1     0     2541.00     2263.00        0.50
     1     0     2535.00     2265.00        0.50
     1     0     2531.00     2271.00        0.50
     1     1     1345.00     1323.00        0.50
     1     1     1355.00     1325.00        0.50
     1     1     1361.00     1325.00        0.50
     1     1     1367.00     1323.00        0.50
     1     1     1373.00     1323.00        0.50
     1     1     1379.00     1323.00        0.50
     1     1     1385.00     1323.00        0.50
     1     1     1391.00     1323.00        0.50
     1     1     1397.00     1323.00        0.50
     1     1     1403.00     1323.00        0.50
     1     1     1409.00     1323.00        0.50
     1     1     1415.00     1323.00        0.50
     1     1     1421.00     1321.00        0.50
     1     1     1427.00     1319.00        0.50
     1     1     1431.00     1315.00        0.50
     1     1     1435.00     1309.00        0.50
     1     1     1439.00     1303.00        0.50
     1     1     1441.00     1297.00        0.50
     1     1     1445.00     1293.00        0.50
     1     1     1447.00     1287.00        0.50
     1     1     1451.00     1283.00        0.50
     1     1     1455.00     1277.00        0.50
     1     1     1457.00     1271.00        0.50
     1     1     1459.00     1265.00        0.50
     1     1     1463.00     1259.00        0.50
     1     1     1465.00     1253.00        0.50
     1     1     1465.00     1247.00        0.50
     1     1     1465.00     1241.00        0.50
     1     1     1463.00     1235.00        0.50
     1     1     1463.00     1229.00        0.50
     1     1     1461.00     1223.00        0.50
     1     1     1459.00     1217.00        0.50
     1     1     1455.00     1211.00        0.50
     1     1     1451.00     1205.00        0.50
     1     1     1447.00     1201.00        0.50
     1     1     1443.00     1197.00        0.50
     1     1     1439.00     1193.00        0.50
     1     1     1435.00     1189.00        0.50
     1     1     1429.00     1187.00        0.50
     1     1     1425.00     1183.00        0.50
     1     1     1419.00     1181.00        0.50
     1     1     1413.00     1181.00        0.50
     1     1     1407.00     1181.00        0.50
     1     1     1401.00     1181.00        0.50
     1     1     1395.00     1181.00        0.50
     1     1     1389.00     1181.00        0.50
     1     1     1383.00     1181.00        0.50
     1     1     1377.00     1183.00        0.50
     1     1     1371.00     1185.00        0.50
     1     1     1365.00     1187.00        0.50
     1     1     1359.00     1191.00        0.50
     1     1     1353.00     1193.00        0.50
     1     1     1347.00     1197.00        0.50
     1     1     1341.00     1199.00        0.50
     1     1     1337.00     1203.00        0.50
     1     1     1331.00     1207.00        0.50
     1     1     1325.00     1211.00        0.50
     1     1     1321.00     1215.00        0.50
     1     1     1315.00     1219.00        0.50
     1     1     1309.00     1223.00        0.50
     1     1     1305.00     1229.00        0.50
     1     1     1301.00     1233.00        0.50
     1     1     1297.00     1239.00        0.50
     1     1     1293.00     1245.00        0.50
     1     1     1291.00     1251.00        0.50
     1     1     1289.00     1257.00        0.50
     1     1     1287.00     1263.00        0.50
     1     1     1287.00     1269.00        0.50
     1     1     1287.00     1275.00        0.50
     1     1     1287.00     1281.00        0.50
     1     1     1287.00     1287.00        0.50
     1     1     1289.00     1293.00        0.50
     1     1     1293.00     1297.00        0.50
     1     1     1297.00     1303.00        0.50
     1     1     1301.00     1307.00        0.50
     1     1     1305.00     1311.00        0.50
     1     1     1309.00     1315.00        0.50
     1     1     1313.00     1319.00        0.50
     1     1     1319.00     1321.00        0.50
     1     2      289.00     2677.00        0.50
     1     2      299.00     2671.00        0.50
     1     2      307.00     2667.00        0.50
     1     2      313.00     2665.00        0.50
     1     2      319.00     2661.00        0.50
     1     2      327.00     2659.00        0.50
     1     2      341.00     2655.00        0.50
     1     2      353.00     2653.00        0.50
     1     2      363.00     2649.00        0.50
     1     2      373.00     2647.00        0.50
     1     2      383.00     2645.00        0.50
     1     2      391.00     2643.00        0.50
     1     2      401.00     2641.00        0.50
     1     2      409.00     2639.00        0.50
     1     2      415.00     2637.00        0.50
     1     2      423.00     2635.00        0.50
     1     2      431.00     2631.00        0.50
     1     2      437.00     2627.00        0.50
     1     2      443.00     2625.00        0.50
     1     2      447.00     2621.00        0.50
     1     2      453.00     2615.00        0.50
     1     2      457.00     2611.00        0.50
     1     2      459.00     2605.00        0.50
     1     2      463.00     2599.00        0.50
     1     2      463.00     2593.00        0.50
     1     2      463.00     2587.00        0.50
     1     2      461.00     2581.00        0.50
     1     2      461.00     2575.00        0.50
     1     2      459.00     2569.00        0.50
     1     2      457.00     2563.00        0.50
     1     2      457.00     2557.00        0.50
     1     2      455.00     2551.00        0.50
     1     2      453.00     2545.00        0.50
     1     2      451.00     2539.00        0.50
     1     2      449.00     2533.00        0.50
     1     2      445.00     2529.00        0.50
     1     2      443.00     2521.00        0.50
     1     2      439.00     2513.00        0.50
     1     2      435.00     2505.00        0.50
     1     2      431.00     2499.00        0.50
     1     2      427.00     2493.00        0.50
     1     2      423.00     2489.00        0.50
     1     2      419.00     2485.00        0.50
     1     2      415.00     2479.00        0.50
     1     2      409.00     2475.00        0.50
     1     2      405.00     2471.00        0.50
     1     2      399.00     2467.00        0.50
     1     2      393.00     2465.00        0.50
     1     2      389.00     2461.00        0.50
     1     2      383.00     2457.00        0.50
     1     2      377.00     2455.00        0.50
     1     2      371.00     2453.00        0.50
     1     2      365.00     2451.00        0.50
     1     2      359.00     2449.00        0.50
     1     2      353.00     2447.00        0.50
     1     2      347.00     2447.00        0.50
     1     2      341.00     2447.00        0.50
     1     2      335.00     2449.00        0.50
     1     2      329.00     2449.00        0.50
     1     2      323.00     2451.00        0.50
     1     2      317.00     2453.00        0.50
     1     2      311.00     2453.00        0.50
     1     2      303.00     2457.00        0.50
     1     2      297.00     2461.00        0.50
     1     2      291.00     2463.00        0.50
     1     2      285.00     2467.00        0.50
     1     2      281.00     2471.00        0.50
     1     2      277.00     2475.00        0.50
     1     2      273.00     2479.00        0.50
     1     2      269.00     2483.00        0.50
     1     2      265.00     2487.00        0.50
     1     2      261.00     2491.00        0.50
     1     2      257.00     2497.00        0.50
     1     2      253.00     2501.00        0.50
     1     2      251.00     2507.00        0.50
     1     2      247.00     2511.00        0.50
     1     2      243.00     2517.00        0.50
     1     2      241.00     2523.00        0.50
     1     2      239.00     2529.00        0.50
     1     2      237.00     2535.00        0.50
     1     2      235.00     2541.00        0.50
     1     2      233.00     2547.00        0.50
     1     2      231.00     2553.00        0.50
     1     2      231.00     2559.00        0.50
     1     2      231.00     2565.00        0.50
     1     2      229.00     2571.00        0.50
     1     2      229.00     2577.00        0.50
     1     2      229.00     2583.00        0.50
     1     2      229.00     2589.00        0.50
     1     2      229.00     2597.00        0.50
     1     2      229.00     2603.00        0.50
     1     2      229.00     2609.00        0.50
     1     2      231.00     2615.00        0.50
     1     2      233.00     2621.00        0.50
     1     2      237.00     2627.00        0.50
     1     2      241.00     2631.00        0.50
     1     2      243.00     2637.00        0.50
     1     2      247.00     2641.00        0.50
     1     2      251.00     2647.00        0.50
     1     2      255.00     2651.00        0.50
     1     2      259.00     2655.00        0.50
     1     2      263.00     2659.00        0.50
     2     0     2009.00     2645.00        0.50
     2     0     1997.00     2645.00        0.50
     2     0     1991.00     2645.00        0.50
     2     0     1985.00     2645.00        0.50
     2     0     1977.00     2643.00        0.50
     2     0     1969.00     2643.00        0.50
     2     0     1961.00     2643.00        0.50
     2     0     1953.00     2643.00        0.50
     2     0     1943.00     2643.00        0.50
     2     0     1935.00     2643.00        0.50
     2     0     1925.00     2643.00        0.50
     2     0     1919.00     2643.00        0.50
     2     0     1911.00     2643.00        0.50
     2     0     1901.00     2641.00        0.50
     2     0     1895.00     2641.00        0.50
     2     0     1887.00     2641.00        0.50
     2     0     1881.00     2641.00        0.50
     2     0     1875.00     2641.00        0.50
     2     0     1867.00     2641.00        0.50
     2     0     1859.00     2639.00        0.50
     2     0     1851.00     2639.00        0.50
     2     0     1843.00     2637.00        0.50
     2     0     1835.00     2635.00        0.50
     2     0     1829.00     2633.00        0.50
     2     0     1821.00     2631.00        0.50
     2     0     1815.00     2629.00        0.50
     2     0     1807.00     2627.00        0.50
     2     0     1801.00     2625.00        0.50
     2     0     1793.00     2621.00        0.50
     2     0     1787.00     2619.00        0.50
     2     0     1779.00     2615.00        0.50
     2     0     1771.00     2613.00        0.50
     2     0     1763.00     2609.00        0.50
     2     0     1755.00     2607.00        0.50
     2     0     1747.00     2603.00        0.50
     2     0     1739.00     2601.00        0.50
     2     0     1733.00     2597.00        0.50
     2     0     1727.00     2595.00        0.50
     2     0     1721.00     2593.00        0.50
     2     0     1715.00     2591.00        0.50
     2     0     1709.00     2589.00        0.50
     2     0     1705.00     2585.00        0.50
     2     0     1695.00     2581.00        0.50
     2     0     1689.00     2579.00        0.50
     2     0     1683.00     2575.00        0.50
     2     0     1677.00     2571.00        0.50
     2     0     1669.00     2567.00        0.50
     2     0     1661.00     2563.00        0.50
     2     0     1655.00     2559.00        0.50
     2     0     1649.00     2555.00        0.50
     2     0     1645.00     2551.00        0.50
     2     0     1639.00     2549.00        0.50
     2     0     1635.00     2545.00        0.50
     2     0     1629.00     2543.00        0.50
     2     0     1623.00     2539.00        0.50
     2     0     1617.00     2535.00        0.50
     2     0     1611.00     2531.00        0.50
     2     0     1605.00     2527.00        0.50
     2     0     1601.00     2523.00        0.50
     2     0     1595.00     2521.00        0.50
     2     0     1591.00     2517.00        0.50
     2     0     1585.00     2513.00        0.50
     2     0     1581.00     2509.00        0.50
     2     0     1577.00     2505.00        0.50
     2     0     1569.00     2501.00        0.50
     2     0     1563.00     2497.00        0.50
     2     0     1557.00     2491.00        0.50
     2     0     1551.00     2489.00        0.50
     2     0     1545.00     2485.00        0.50
     2     0     1541.00     2481.00        0.50
     2     0     1535.00     2479.00        0.50
     2     0     1529.00     2475.00        0.50
     2     0     1525.00     2471.00        0.50
     2     0     1519.00     2469.00        0.50
     2     0     1513.00     2465.00        0.50
     2     0     1507.00     2463.00        0.50
     2     0     1501.00     2459.00        0.50
     2     0     1495.00     2457.00        0.50
     2     0     1491.00     2453.00        0.50
     2     0     1485.00     2451.00        0.50
     2     0     1479.00     2447.00        0.50
     2     0     1471.00     2441.00        0.50
     2     0     1463.00     2437.00        0.50
     2     0     1457.00     2435.00        0.50
     2     0     1453.00     2431.00        0.50
     2     0     1447.00     2429.00        0.50
     2     0     1441.00     2425.00        0.50
     2     0     1435.00     2421.00        0.50
     2     0     1429.00     2419.00        0.50
     2     0     1425.00     2415.00        0.50
     2     0     1419.00     2411.00        0.50
     2     0     1413.00     2409.00        0.50
     2     0     1409.00     2405.00        0.50
     2     0     1403.00     2403.00        0.50
     2     0     1399.00     2399.00        0.50
     2     0     1393.00     2397.00        0.50
     2     0     1387.00     2395.00        0.50
     2     0     1381.00     2391.00        0.50
     2     0     1375.00     2387.00        0.50
     2     0     1369.00     2385.00        0.50
     2     0     1363.00     2383.00        0.50
     2     0     1355.00     2379.00        0.50
     2     0     1349.00     2377.00        0.50
     2     0     1343.00     2375.00        0.50
     2     0     1337.00     2371.00        0.50
     2     0     1331.00     2369.00        0.50
     2     0     1325.00     2367.00        0.50
     2     0     1317.00     2365.00        0.50
     2     0     1305.00     2361.00        0.50
     2     0     1297.00     2357.00        0.50
     2     0     1289.00     2357.00        0.50
     2     0     1283.00     2355.00        0.50
     2     0     1275.00     2353.00        0.50
     2     0     1267.00     2351.00        0.50
     2     0     1259.00     2351.00        0.50
     2     0     1251.00     2349.00        0.50
     2     0     1245.00     2349.00        0.50
     2     0     1239.00     2349.00        0.50
     2     0     1233.00     2347.00        0.50
     2     0     1225.00     2347.00        0.50
     2     0     1219.00     2345.00        0.50
     2     0     1213.00     2343.00        0.50
     2     0     1209.00     2339.00        0.50
     2     0     1203.00     2335.00        0.50
     2     0     1199.00     2331.00        0.50
     2     0     1195.00     2327.00        0.50
     2     0     1191.00     2323.00        0.50
     2     0     1187.00     2319.00        0.50
     2     0     1185.00     2313.00        0.50
     2     0     1183.00     2307.00        0.50
     2     0     1179.00     2303.00        0.50
     2     0     1177.00     2297.00        0.50
     2     0     1175.00     2291.00        0.50
     2     0     1171.00     2285.00        0.50
     2     0     1165.00     2275.00        0.50
     2     0     1161.00     2269.00        0.50
     2     0     1159.00     2261.00        0.50
     2     0     1155.00     2255.00        0.50
     2     0     1153.00     2249.00        0.50
     2     0     1149.00     2241.00        0.50
     2     0     1145.00     2233.00        0.50
     2     0     1141.00     2221.00        0.50
     2     0     1137.00     2213.00        0.50
     2     0     1133.00     2203.00        0.50
     2     0     1127.00     2191.00        0.50
     2     0     1123.00     2181.00        0.50
     2     0     1117.00     2171.00        0.50
     2     0     1115.00     2163.00        0.50
     2     0     1111.00     2155.00        0.50
     2     0     1109.00     2147.00        0.50
     2     0     1105.00     2141.00        0.50
     2     0     1103.00     2133.00        0.50
     2     0     1101.00     2123.00        0.50
     2     0     1099.00     2115.00        0.50
     2     0     1099.00     2109.00        0.50
     2     0     1097.00     2103.00        0.50
     2     0     1097.00     2095.00        0.50
     2     0     1095.00     2087.00        0.50
     2     0     1097.00     2077.00        0.50
     2     0     1099.00     2071.00        0.50
     2     0     1103.00     2065.00        0.50
     2     0     1107.00     2059.00        0.50
     2     0     1111.00     2055.00        0.50
     2     0     1115.00     2051.00        0.50
     2     0     1121.00     2047.00        0.50
     2     0     1127.00     2043.00        0.50
     2     0     1133.00     2039.00        0.50
     2     0     1139.00     2037.00        0.50
     2     0     1145.00     2033.00        0.50
     2     0     1155.00     2029.00        0.50
     2     0     1163.00     2025.00        0.50
     2     0     1173.00     2021.00        0.50
     2     0     1181.00     2017.00        0.50
     2     0     1189.00     2015.00        0.50
     2     0     1197.00     2011.00        0.50
     2     0     1209.00     2007.00        0.50
     2     0     1219.00     2001.00        0.50
     2     0     1231.00     1997.00        0.50
     2     0     1245.00     1991.00        0.50
     2     0     1255.00     1987.00        0.50
     2     0     1265.00     1983.00        0.50
     2     0     1275.00     1979.00        0.50
     2     0     1281.00     1977.00        0.50
     2     0     1289.00     1975.00        0.50
     2     0     1295.00     1973.00        0.50
     2     0     1303.00     1969.00        0.50
     2     0     1311.00     1967.00        0.50
     2     0     1319.00     1961.00        0.50
     2     0     1329.00     1957.00        0.50
     2     0     1341.00     1951.00        0.50
     2     0     1353.00     1945.00        0.50
     2     0     1365.00     1941.00        0.50
     2     0     1377.00     1935.00        0.50
     2     0     1387.00     1931.00        0.50
     2     0     1395.00     1927.00        0.50
     2     0     1403.00     1923.00        0.50
     2     0     1409.00     1921.00        0.50
     2     0     1413.00     1917.00        0.50
     2     0     1421.00     1913.00        0.50
     2     0     1427.00     1907.00        0.50
     2     0     1435.00     1903.00        0.50
     2     0     1441.00     1899.00        0.50
     2     0     1449.00     1897.00        0.50
     2     0     1455.00     1893.00        0.50
     2     0     1465.00     1887.00        0.50
     2     0     1477.00     1883.00        0.50
     2     0     1485.00     1877.00        0.50
     2     0     1495.00     1873.00        0.50
     2     0     1505.00     1867.00        0.50
     2     0     1513.00     1863.00        0.50
     2     0     1519.00     1859.00        0.50
     2     0     1527.00     1855.00        0.50
     2     0     1535.00     1851.00        0.50
     2     0     1549.00     1845.00        0.50
     2     0     1565.00     1837.00        0.50
     2     0     1579.00     1829.00        0.50
     2     0     1595.00     1821.00        0.50
     2     0     1615.00     1813.00        0.50
     2     0     1621.00     1809.00        0.50
     2     0     1631.00     1805.00        0.50
     2     0     1645.00     1797.00        0.50
     2     0     1655.00     1793.00        0.50
     2     0     1665.00     1789.00        0.50
     2     0     1677.00     1781.00        0.50
     2     0     1685.00     1779.00        0.50
     2     0     1691.00     1775.00        0.50
     2     0     1697.00     1773.00        0.50
     2     0     1703.00     1771.00        0.50
     2     0     1709.00     1769.00        0.50
     2     0     1715.00     1769.00        0.50
     2     0     1721.00     1769.00        0.50
     2     0     1727.00     1769.00        0.50
     2     0     1733.00     1771.00        0.50
     2     0     1739.00     1771.00        0.50
     2     0     1745.00     1773.00        0.50
     2     0     1751.00     1773.00        0.50
     2     0     1757.00     1775.00        0.50
     2     0     1763.00     1777.00        0.50
     2     0     1771.00     1777.00        0.50
     2     0     1777.00     1779.00        0.50
     2     0     1783.00     1781.00        0.50
     2     0     1983.00     1821.00        0.50
     2     0     1993.00     1825.00        0.50
     2     0     2001.00     1827.00        0.50
     2     0     2007.00     1829.00        0.50
     2     0     2013.00     1831.00        0.50
     2     0     2021.00     1833.00        0.50
     2     0     2029.00     1835.00        0.50
     2     0     2037.00     1839.00        0.50
     2     0     2045.00     1841.00        0.50
     2     0     2053.00     1845.00        0.50
     2     0     2061.00     1849.00        0.50
     2     0     2067.00     1853.00        0.50
     2     0     2075.00     1857.00        0.50
     2     0     2083.00     1861.00        0.50
     2     0     2091.00     1865.00        0.50
     2     0     2099.00     1869.00        0.50
     2     0     2107.00     1875.00        0.50
     2     0     2113.00     1879.00        0.50
     2     0     2125.00     1885.00        0.50
     2     0     2137.00     1893.00        0.50
     2     0     2147.00     1901.00        0.50
     2     0     2155.00     1905.00        0.50
     2     0     2165.00     1911.00        0.50
     2     0     2173.00     1917.00        0.50
     2     0     2181.00     1923.00        0.50
     2     0     2189.00     1931.00        0.50
     2     0     2195.00     1935.00        0.50
     2     0     2201.00     1941.00        0.50
     2     0     2209.00     1947.00        0.50
     2     0     2217.00     1955.00        0.50
     2     0     2221.00     1959.00        0.50
     2     0     2225.00     1963.00        0.50
     2     0     2229.00     1967.00        0.50
     3     0     2007.00     2609.00        0.50
     3     0     1995.00     2609.00        0.50
     3     0     1989.00     2609.00        0.50
     3     0     1983.00     2609.00        0.50
     3     0     1975.00     2609.00        0.50
     3     0     1967.00     2609.00        0.50
     3     0     1957.00     2609.00        0.50
     3     0     1949.00     2609.00        0.50
     3     0     1935.00     2609.00        0.50
     3     0     1927.00     2607.00        0.50
     3     0     1917.00     2607.00        0.50
     3     0     1907.00     2607.00        0.50
     3     0     1897.00     2607.00        0.50
     3     0     1887.00     2607.00        0.50
     3     0     1877.00     2607.00        0.50
     3     0     1867.00     2607.00        0.50
     3     0     1861.00     2607.00        0.50
     3     0     1853.00     2607.00        0.50
     3     0     1847.00     2605.00        0.50
     3     0     1841.00     2605.00        0.50
     3     0     1833.00     2603.00        0.50
     3     0     1827.00     2601.00        0.50
     3     0     1819.00     2599.00        0.50
     3     0     1813.00     2597.00        0.50
     3     0     1807.00     2595.00        0.50
     3     0     1801.00     2593.00        0.50
     3     0     1795.00     2591.00        0.50
     3     0     1789.00     2587.00        0.50
     3     0     1783.00     2585.00        0.50
     3     0     1777.00     2583.00        0.50
     3     0     1771.00     2579.00        0.50
     3     0     1765.00     2575.00        0.50
     3     0     1759.00     2573.00        0.50
     3     0     1751.00     2569.00        0.50
     3     0     1745.00     2567.00        0.50
     3     0     1739.00     2563.00        0.50
     3     0     1733.00     2559.00        0.50
     3     0     1727.00     2557.00        0.50
     3     0     1721.00     2553.00        0.50
     3     0     1715.00     2549.00        0.50
     3     0     1709.00     2547.00        0.50
     3     0     1705.00     2543.00        0.50
     3     0     1699.00     2541.00        0.50
     3     0     1695.00     2537.00        0.50
     3     0     1689.00     2535.00        0.50
     3     0     1685.00     2531.00        0.50
     3     0     1681.00     2527.00        0.50
     3     0     1675.00     2525.00        0.50
     3     0     1671.00     2521.00        0.50
     3     0     1665.00     2519.00        0.50
     3     0     1661.00     2515.00        0.50
     3     0     1655.00     2513.00        0.50
     3     0     1651.00     2509.00        0.50
     3     0     1645.00     2505.00        0.50
     3     0     1639.00     2501.00        0.50
     3     0     1635.00     2497.00        0.50
     3     0     1629.00     2493.00        0.50
     3     0     1623.00     2489.00        0.50
     3     0     1617.00     2485.00        0.50
     3     0     1613.00     2481.00        0.50
     3     0     1607.00     2477.00        0.50
     3     0     1601.00     2475.00        0.50
     3     0     1595.00     2469.00        0.50
     3     0     1591.00     2465.00        0.50
     3     0     1585.00     2463.00        0.50
     3     0     1581.00     2459.00        0.50
     3     0     1575.00     2455.00        0.50
     3     0     1569.00     2453.00        0.50
     3     0     1563.00     2449.00        0.50
     3     0     1557.00     2447.00        0.50
     3     0     1551.00     2445.00        0.50
     3     0     1545.00     2441.00        0.50
     3     0     1539.00     2439.00        0.50
     3     0     1535.00     2435.00        0.50
     3     0     1529.00     2431.00        0.50
     3     0     1523.00     2427.00        0.50
     3     0     1517.00     2425.00        0.50
     3     0     1511.00     2421.00        0.50
     3     0     1505.00     2419.00        0.50
     3     0     1501.00     2415.00        0.50
     3     0     1495.00     2413.00        0.50
     3     0     1489.00     2409.00        0.50
     3     0     1479.00     2405.00        0.50
     3     0     1469.00     2399.00        0.50
     3     0     1461.00     2397.00        0.50
     3     0     1455.00     2393.00        0.50
     3     0     1449.00     2391.00        0.50
     3     0     1443.00     2389.00        0.50
     3     0     1437.00     2385.00        0.50
     3     0     1431.00     2383.00        0.50
     3     0     1425.00     2381.00        0.50
     3     0     1419.00     2379.00        0.50
     3     0     1415.00     2375.00        0.50
     3     0     1409.00     2373.00        0.50
     3     0     1405.00     2369.00        0.50
     3     0     1401.00     2365.00        0.50
     3     0     1397.00     2361.00        0.50
     3     0     1391.00     2359.00        0.50
     3     0     1387.00     2355.00        0.50
     3     0     1381.00     2353.00        0.50
     3     0     1375.00     2351.00        0.50
     3     0     1369.00     2347.00        0.50
     3     0     1363.00     2347.00        0.50
     3     0     1357.00     2345.00        0.50
     3     0     1351.00     2345.00        0.50
     3     0     1345.00     2345.00        0.50
     3     0     1339.00     2345.00        0.50
     3     0     1333.00     2343.00        0.50
     3     0     1327.00     2343.00        0.50
     3     0     1321.00     2343.00        0.50
     3     0     1315.00     2343.00        0.50
     3     0     1309.00     2343.00        0.50
     3     0     1303.00     2343.00        0.50
     3     0     1297.00     2341.00        0.50
     3     0     1291.00     2339.00        0.50
     3     0     1283.00     2337.00        0.50
     3     0     1277.00     2335.00        0.50
     3     0     1271.00     2333.00        0.50
     3     0     1265.00     2329.00        0.50
     3     0     1259.00     2327.00        0.50
     3     0     1253.00     2325.00        0.50
     3     0     1247.00     2321.00        0.50
     3     0     1241.00     2319.00        0.50
     3     0     1237.00     2315.00        0.50
     3     0     1231.00     2313.00        0.50
     3     0     1227.00     2309.00        0.50
     3     0     1221.00     2307.00        0.50
     3     0     1217.00     2303.00        0.50
     3     0     1213.00     2299.00        0.50
     3     0     1211.00     2293.00        0.50
     3     0     1207.00     2289.00        0.50
     3     0     1205.00     2283.00        0.50
     3     0     1201.00     2277.00        0.50
     3     0     1201.00     2271.00        0.50
     3     0     1199.00     2265.00        0.50
     3     0     1197.00     2259.00        0.50
     3     0     1195.00     2253.00        0.50
     3     0     1191.00     2247.00        0.50
     3     0     1189.00     2241.00        0.50
     3     0     1185.00     2233.00        0.50
     3     0     1181.00     2223.00        0.50
     3     0     1177.00     2217.00        0.50
     3     0     1175.00     2209.00        0.50
     3     0     1171.00     2203.00        0.50
     3     0     1169.00     2197.00        0.50
     3     0     1165.00     2191.00        0.50
     3     0     1163.00     2185.00        0.50
     3     0     1161.00     2179.00        0.50
     3     0     1161.00     2173.00        0.50
     3     0     1159.00     2167.00        0.50
     3     0     1157.00     2161.00        0.50
     3     0     1155.00     2155.00        0.50
     3     0     1153.00     2149.00        0.50
     3     0     1151.00     2143.00        0.50
     3     0     1147.00     2137.00        0.50
     3     0     1145.00     2131.00        0.50
     3     0     1145.00     2125.00        0.50
     3     0     1143.00     2119.00        0.50
     3     0     1143.00     2113.00        0.50
     3     0     1143.00     2107.00        0.50
     3     0     1145.00     2101.00        0.50
     3     0     1147.00     2095.00        0.50
     3     0     1151.00     2091.00        0.50
     3     0     1155.00     2085.00        0.50
     3     0     1159.00     2081.00        0.50
     3     0     1163.00     2077.00        0.50
     3     0     1167.00     2073.00        0.50
     3     0     1171.00     2069.00        0.50
     3     0     1175.00     2065.00        0.50
     3     0     1179.00     2061.00        0.50
     3     0     1185.00     2059.00        0.50
     3     0     1191.00     2055.00        0.50
     3     0     1197.00     2053.00        0.50
     3     0     1203.00     2051.00        0.50
     3     0     1211.00     2047.00        0.50
     3     0     1221.00     2041.00        0.50
     3     0     1231.00     2037.00        0.50
     3     0     1241.00     2033.00        0.50
     3     0     1249.00     2029.00        0.50
     3     0     1257.00     2027.00        0.50
     3     0     1265.00     2021.00        0.50
     3     0     1277.00     2017.00        0.50
     3     0     1291.00     2009.00        0.50
     3     0     1299.00     2003.00        0.50
     3     0     1309.00     1997.00        0.50
     3     0     1319.00     1993.00        0.50
     3     0     1327.00     1989.00        0.50
     3     0     1339.00     1985.00        0.50
     3     0     1351.00     1979.00        0.50
     3     0     1363.00     1975.00        0.50
     3     0     1373.00     1971.00        0.50
     3     0     1383.00     1967.00        0.50
     3     0     1395.00     1961.00        0.50
     3     0     1411.00     1955.00        0.50
     3     0     1419.00     1951.00        0.50
     3     0     1427.00     1945.00        0.50
     3     0     1439.00     1939.00        0.50
     3     0     1451.00     1933.00        0.50
     3     0     1461.00     1927.00        0.50
     3     0     1475.00     1919.00        0.50
     3     0     1485.00     1915.00        0.50
     3     0     1491.00     1911.00        0.50
     3     0     1499.00     1909.00        0.50
     3     0     1509.00     1905.00        0.50
     3     0     1517.00     1899.00        0.50
     3     0     1525.00     1895.00        0.50
     3     0     1535.00     1891.00        0.50
     3     0     1543.00     1885.00        0.50
     3     0     1553.00     1881.00        0.50
     3     0     1561.00     1877.00        0.50
     3     0     1571.00     1873.00        0.50
     3     0     1585.00     1867.00        0.50
     3     0     1597.00     1863.00        0.50
     3     0     1607.00     1857.00        0.50
     3     0     1615.00     1853.00        0.50
     3     0     1623.00     1851.00        0.50
     3     0     1629.00     1847.00        0.50
     3     0     1637.00     1841.00        0.50
     3     0     1647.00     1837.00        0.50
     3     0     1655.00     1833.00        0.50
     3     0     1663.00     1827.00        0.50
     3     0     1673.00     1825.00        0.50
     3     0     1685.00     1821.00        0.50
     3     0     1699.00     1819.00        0.50
     3     0     1705.00     1817.00        0.50
     3     0     1711.00     1817.00        0.50
     3     0     1719.00     1815.00        0.50
     3     0     1727.00     1815.00        0.50
     3     0     1735.00     1815.00        0.50
     3     0     1743.00     1815.00        0.50
     3     0     1755.00     1815.00        0.50
     3     0     1761.00     1815.00        0.50
     3     0     1771.00     1815.00        0.50
     3     0     1783.00     1817.00        0.50
     3     0     1793.00     1817.00        0.50
     3     0     1809.00     1819.00        0.50
     3     0     1819.00     1821.00        0.50
     3     0     1827.00     1823.00        0.50
     3     0     1835.00     1825.00        0.50
     3     0     1841.00     1825.00        0.50
     3     0     1847.00     1827.00        0.50
     3     0     1857.00     1829.00        0.50
     3     0     1865.00     1833.00        0.50
     3     0     1871.00     1835.00        0.50
     3     0     1877.00     1837.00        0.50
     3     0     1929.00     1845.00        0.50
     3     0     1943.00     1845.00        0.50
     3     0     1949.00     1845.00        0.50
     3     0     1961.00     1845.00        0.50
     3     0     1971.00     1847.00        0.50
     3     0     1977.00     1851.00        0.50
     3     0     1983.00     1853.00        0.50
     3     0     1989.00     1855.00        0.50
     3     0     1993.00     1859.00        0.50
     3     0     1999.00     1861.00        0.50
     3     0     2003.00     1865.00        0.50
     3     0     2007.00     1869.00        0.50
     3     0     2011.00     1873.00        0.50
     3     0     2017.00     1877.00        0.50
     3     0     2021.00     1881.00        0.50
     3     0     2025.00     1885.00        0.50
     3     0     2031.00     1889.00        0.50
     3     0     2035.00     1893.00        0.50
     3     0     2039.00     1897.00        0.50
     3     0     2043.00     1901.00        0.50
     3     0     2049.00     1903.00        0.50
     3     0     2053.00     1907.00        0.50
     3     0     2059.00     1909.00        0.50
     3     0     2065.00     1911.00        0.50
     3     0     2071.00     1913.00        0.50
     3     0     2077.00     1915.00        0.50
     3     0     2085.00     1915.00        0.50
     3     0     2091.00     1917.00        0.50
     3     0     2097.00     1919.00        0.50
     3     0     2103.00     1919.00        0.50
     3     0     2109.00     1921.00        0.50
     3     0     2115.00     1923.00        0.50
     3     0     2121.00     1927.00        0.50
     3     0     2127.00     1929.00        0.50
     3     0     2133.00     1931.00        0.50
     3     0     2139.00     1933.00        0.50
     3     0     2145.00     1935.00        0.50
     3     0     2151.00     1937.00        0.50
     3     0     2155.00     1941.00        0.50
     3     0     2161.00     1945.00        0.50
     3     0     2167.00     1949.00        0.50
     3     0     2173.00     1951.00        0.50
     3     0     2177.00     1955.00        0.50
     3     0     2181.00     1959.00        0.50
     3     0     2185.00     1963.00        0.50
     3     0     2191.00     1967.00        0.50
     3     0     2195.00     1971.00        0.50
