     0     0     2220.00     3215.00        0.50
     0     0     2212.00     3207.00        0.50
     0     0     2208.00     3203.00        0.50
     0     0     2204.00     3199.00        0.50
     0     0     2200.00     3195.00        0.50
     0     0     2196.00     3191.00        0.50
     0     0     2190.00     3187.00        0.50
     0     0     2186.00     3183.00        0.50
     0     0     2180.00     3181.00        0.50
     0     0     2176.00     3177.00        0.50
     0     0     2170.00     3175.00        0.50
     0     0     2166.00     3171.00        0.50
     0     0     2160.00     3169.00        0.50
     0     0     2154.00     3167.00        0.50
     0     0     2150.00     3163.00        0.50
     0     0     2144.00     3161.00        0.50
     0     0     2140.00     3157.00        0.50
     0     0     2134.00     3153.00        0.50
     0     0     2130.00     3147.00        0.50
     0     0     2128.00     3141.00        0.50
     0     0     2126.00     3135.00        0.50
     0     0     2124.00     3129.00        0.50
     0     0     2124.00     3123.00        0.50
     0     0     2124.00     3117.00        0.50
     0     0     2126.00     3111.00        0.50
     0     0     2126.00     3105.00        0.50
     0     0     2128.00     3099.00        0.50
     0     0     2132.00     3095.00        0.50
     0     0     2134.00     3089.00        0.50
     0     0     2138.00     3085.00        0.50
     0     0     2140.00     3079.00        0.50
     0     0     2144.00     3075.00        0.50
     0     0     2148.00     3071.00        0.50
     0     0     2152.00     3067.00        0.50
     0     0     2158.00     3065.00        0.50
     0     0     2164.00     3061.00        0.50
     0     0     2170.00     3059.00        0.50
     0     0     2174.00     3055.00        0.50
     0     0     2180.00     3053.00        0.50
     0     0     2186.00     3051.00        0.50
     0     0     2192.00     3049.00        0.50
     0     0     2198.00     3047.00        0.50
     0     0     2204.00     3045.00        0.50
     0     0     2210.00     3043.00        0.50
     0     0     2216.00     3043.00        0.50
     0     0     2222.00     3043.00        0.50
     0     0     2228.00     3043.00        0.50
     0     0     2234.00     3043.00        0.50
     0     0     2240.00     3045.00        0.50
     0     0     2246.00     3045.00        0.50
     0     0     2252.00     3047.00        0.50
     0     0     2258.00     3049.00        0.50
     0     0     2264.00     3051.00        0.50
     0     0     2270.00     3055.00        0.50
     0     0     2276.00     3057.00        0.50
     0     0     2282.00     3061.00        0.50
     0     0     2288.00     3065.00        0.50
     0     0     2292.00     3069.00        0.50
     0     0     2298.00     3071.00        0.50
     0     0     2302.00     3075.00        0.50
     0     0     2306.00     3079.00        0.50
     0     0     2308.00     3085.00        0.50
     0     0     2312.00     3089.00        0.50
     0     0     2316.00     3095.00        0.50
     0     0     2318.00     3101.00        0.50
     0     0     2322.00     3105.00        0.50
     0     0     2324.00     3111.00        0.50
     0     0     2326.00     3117.00        0.50
     0     0     2330.00     3121.00        0.50
     0     0     2332.00     3127.00        0.50
     0     0     2334.00     3133.00        0.50
     0     0     2336.00     3139.00        0.50
     0     0     2336.00     3145.00        0.50
     0     0     2338.00     3151.00        0.50
     0     0     2338.00     3157.00        0.50
     0     0     2338.00     3163.00        0.50
     0     0     2338.00     3169.00        0.50
     0     0     2336.00     3175.00        0.50
     0     0     2334.00     3181.00        0.50
     0     0     2332.00     3187.00        0.50
     0     0     2330.00     3193.00        0.50
     0     0     2328.00     3199.00        0.50
     0     0     2324.00     3203.00        0.50
     0     0     2320.00     3207.00        0.50
     0     0     2318.00     3213.00        0.50
     0     0     2314.00     3217.00        0.50
     0     0     2308.00     3219.00        0.50
     0     0     2304.00     3225.00        0.50
     0     0     2298.00     3229.00        0.50
     0     0     2294.00     3233.00        0.50
     0     0     2288.00     3235.00        0.50
     0     0     2282.00     3239.00        0.50
     0     0     2276.00     3241.00        0.50
     0     0     2270.00     3243.00        0.50
     0     0     2264.00     3245.00        0.50
     0     0     2258.00     3247.00        0.50
     0     0     2252.00     3247.00        0.50
     0     0     2246.00     3247.00        0.50
     0     0     2242.00     3243.00        0.50
     0     0     2236.00     3239.00        0.50
     0     0     2230.00     3235.00        0.50
     0     0     2228.00     3229.00        0.50
     1     0     2262.00     3191.00        0.50
     1     0     2250.00     3189.00        0.50
     1     0     2244.00     3187.00        0.50
     1     0     2238.00     3185.00        0.50
     1     0     2234.00     3181.00        0.50
     1     0     2228.00     3179.00        0.50
     1     0     2222.00     3177.00        0.50
     1     0     2218.00     3173.00        0.50
     1     0     2212.00     3173.00        0.50
     1     0     2206.00     3169.00        0.50
     1     0     2200.00     3167.00        0.50
     1     0     2196.00     3163.00        0.50
     1     0     2192.00     3157.00        0.50
     1     0     2190.00     3151.00        0.50
     1     0     2190.00     3145.00        0.50
     1     0     2190.00     3139.00        0.50
     1     0     2188.00     3133.00        0.50
     1     0     2188.00     3127.00        0.50
     1     0     2188.00     3121.00        0.50
     1     0     2192.00     3115.00        0.50
     1     0     2196.00     3111.00        0.50
     1     0     2200.00     3107.00        0.50
     1     0     2204.00     3103.00        0.50
     1     0     2208.00     3099.00        0.50
     1     0     2210.00     3093.00        0.50
     1     0     2212.00     3087.00        0.50
     1     0     2216.00     3083.00        0.50
     1     0     2220.00     3077.00        0.50
     1     0     2224.00     3073.00        0.50
     1     0     2230.00     3073.00        0.50
     1     0     2236.00     3075.00        0.50
     1     0     2242.00     3077.00        0.50
     1     0     2246.00     3081.00        0.50
     1     0     2252.00     3083.00        0.50
     1     0     2256.00     3087.00        0.50
     1     0     2262.00     3089.00        0.50
     1     0     2266.00     3093.00        0.50
     1     0     2272.00     3097.00        0.50
     1     0     2276.00     3101.00        0.50
     1     0     2280.00     3105.00        0.50
     1     0     2284.00     3109.00        0.50
     1     0     2286.00     3115.00        0.50
     1     0     2290.00     3119.00        0.50
     1     0     2292.00     3125.00        0.50
     1     0     2292.00     3131.00        0.50
     1     0     2292.00     3137.00        0.50
     1     0     2292.00     3143.00        0.50
     1     0     2290.00     3149.00        0.50
     1     0     2288.00     3155.00        0.50
     1     0     2286.00     3161.00        0.50
     1     0     2282.00     3165.00        0.50
     1     0     2278.00     3169.00        0.50
     1     0     2274.00     3175.00        0.50
     2     0     1418.00     2637.00        0.50
     2     0     1424.00     2639.00        0.50
     2     0     1428.00     2643.00        0.50
     2     0     1434.00     2643.00        0.50
     2     0     1440.00     2645.00        0.50
     2     0     1446.00     2645.00        0.50
     2     0     1452.00     2647.00        0.50
     2     0     1458.00     2649.00        0.50
     2     0     1462.00     2653.00        0.50
     2     0     1468.00     2653.00        0.50
     2     0     1472.00     2657.00        0.50
     2     0     1478.00     2657.00        0.50
     2     0     1482.00     2661.00        0.50
     2     0     1488.00     2663.00        0.50
     2     0     1494.00     2667.00        0.50
     2     0     1500.00     2669.00        0.50
     2     0     1504.00     2673.00        0.50
     2     0     1510.00     2675.00        0.50
     2     0     1514.00     2679.00        0.50
     2     0     1520.00     2681.00        0.50
     2     0     1526.00     2685.00        0.50
     2     0     1532.00     2689.00        0.50
     2     0     1536.00     2693.00        0.50
     2     0     1540.00     2697.00        0.50
     2     0     1544.00     2701.00        0.50
     2     0     1550.00     2703.00        0.50
     2     0     1554.00     2709.00        0.50
     2     0     1558.00     2713.00        0.50
     2     0     1562.00     2717.00        0.50
     2     0     1566.00     2721.00        0.50
     2     0     1570.00     2725.00        0.50
     2     0     1574.00     2729.00        0.50
     2     0     1580.00     2733.00        0.50
     2     0     1586.00     2737.00        0.50
     2     0     1592.00     2741.00        0.50
     2     0     1598.00     2743.00        0.50
     2     0     1602.00     2747.00        0.50
     2     0     1608.00     2751.00        0.50
     2     0     1614.00     2755.00        0.50
     2     0     1620.00     2761.00        0.50
     2     0     1624.00     2767.00        0.50
     2     0     1628.00     2773.00        0.50
     2     0     1634.00     2777.00        0.50
     2     0     1638.00     2781.00        0.50
     2     0     1640.00     2787.00        0.50
     2     0     1644.00     2791.00        0.50
     2     0     1648.00     2795.00        0.50
     2     0     1654.00     2799.00        0.50
     2     0     1660.00     2803.00        0.50
     2     0     1666.00     2805.00        0.50
     2     0     1670.00     2809.00        0.50
     2     0     1674.00     2813.00        0.50
     2     0     1680.00     2815.00        0.50
     2     0     1686.00     2819.00        0.50
     2     0     1692.00     2821.00        0.50
     2     0     1700.00     2825.00        0.50
     2     0     1706.00     2829.00        0.50
     2     0     1712.00     2831.00        0.50
     2     0     1718.00     2835.00        0.50
     2     0     1724.00     2837.00        0.50
     2     0     1730.00     2839.00        0.50
     2     0     1736.00     2843.00        0.50
     2     0     1744.00     2845.00        0.50
     2     0     1750.00     2849.00        0.50
     2     0     1758.00     2851.00        0.50
     2     0     1770.00     2855.00        0.50
     2     0     1778.00     2857.00        0.50
     2     0     1786.00     2861.00        0.50
     2     0     1792.00     2863.00        0.50
     2     0     1798.00     2867.00        0.50
     2     0     1804.00     2869.00        0.50
     2     0     1810.00     2873.00        0.50
     2     0     1818.00     2875.00        0.50
     2     0     1824.00     2879.00        0.50
     2     0     1830.00     2881.00        0.50
     2     0     1836.00     2883.00        0.50
     2     0     1842.00     2887.00        0.50
     2     0     1850.00     2891.00        0.50
     2     0     1856.00     2893.00        0.50
     2     0     1862.00     2895.00        0.50
     2     0     1868.00     2897.00        0.50
     2     0     1874.00     2899.00        0.50
     2     0     1880.00     2901.00        0.50
     2     0     1886.00     2903.00        0.50
     2     0     1892.00     2907.00        0.50
     2     0     1898.00     2907.00        0.50
     2     0     1904.00     2911.00        0.50
     2     0     1912.00     2913.00        0.50
     2     0     1918.00     2915.00        0.50
     2     0     1924.00     2919.00        0.50
     2     0     1932.00     2921.00        0.50
     2     0     1940.00     2925.00        0.50
     2     0     1946.00     2927.00        0.50
     2     0     1954.00     2929.00        0.50
     2     0     1960.00     2931.00        0.50
     2     0     1966.00     2931.00        0.50
     2     0     1972.00     2931.00        0.50
     2     0     1978.00     2933.00        0.50
     2     0     1984.00     2933.00        0.50
     2     0     1990.00     2935.00        0.50
     2     0     1996.00     2935.00        0.50
     2     0     2002.00     2937.00        0.50
     2     0     2008.00     2937.00        0.50
     2     0     2016.00     2939.00        0.50
     2     0     2026.00     2941.00        0.50
     2     0     2034.00     2943.00        0.50
     2     0     2040.00     2943.00        0.50
     2     0     2048.00     2947.00        0.50
     2     0     2056.00     2947.00        0.50
     2     0     2064.00     2949.00        0.50
     2     0     2070.00     2949.00        0.50
     2     0     2076.00     2951.00        0.50
     2     0     2082.00     2951.00        0.50
     2     0     2088.00     2951.00        0.50
     2     0     2094.00     2951.00        0.50
     2     0     2100.00     2953.00        0.50
     2     0     2106.00     2953.00        0.50
     2     0     2112.00     2955.00        0.50
     2     0     2120.00     2955.00        0.50
     2     0     2130.00     2955.00        0.50
     2     0     2140.00     2957.00        0.50
     2     0     2148.00     2957.00        0.50
     2     0     2158.00     2959.00        0.50
     2     0     2168.00     2959.00        0.50
     2     0     2178.00     2959.00        0.50
     2     0     2188.00     2959.00        0.50
     2     0     2198.00     2959.00        0.50
     2     0     2208.00     2959.00        0.50
     2     0     2214.00     2959.00        0.50
     2     0     2222.00     2959.00        0.50
     2     0     2228.00     2959.00        0.50
     2     0     2240.00     2959.00        0.50
     2     0     2246.00     2959.00        0.50
     2     0     2254.00     2961.00        0.50
     2     0     2260.00     2961.00        0.50
     2     0     2270.00     2961.00        0.50
     2     0     2280.00     2961.00        0.50
     2     0     2286.00     2961.00        0.50
     2     0     2296.00     2961.00        0.50
     2     0     2304.00     2959.00        0.50
     2     0     2314.00     2959.00        0.50
     2     0     2322.00     2959.00        0.50
     2     0     2330.00     2959.00        0.50
     2     0     2340.00     2961.00        0.50
     2     0     2348.00     2961.00        0.50
     2     0     2354.00     2961.00        0.50
     2     0     2360.00     2961.00        0.50
     2     0     2366.00     2961.00        0.50
     2     0     2372.00     2963.00        0.50
     2     0     2378.00     2963.00        0.50
     2     0     2384.00     2963.00        0.50
     2     0     2390.00     2963.00        0.50
     2     0     2396.00     2963.00        0.50
     2     0     2402.00     2965.00        0.50
     2     0     2408.00     2965.00        0.50
     2     0     2414.00     2965.00        0.50
     2     0     2420.00     2967.00        0.50
     2     0     2426.00     2967.00        0.50
     2     0     2432.00     2969.00        0.50
     2     0     2438.00     2969.00        0.50
     2     0     2444.00     2971.00        0.50
     2     0     2450.00     2971.00        0.50
     2     0     2456.00     2971.00        0.50
     2     0     2462.00     2971.00        0.50
     2     0     2470.00     2971.00        0.50
     2     0     2476.00     2971.00        0.50
     2     0     2484.00     2971.00        0.50
     2     0     2494.00     2971.00        0.50
     2     0     2500.00     2969.00        0.50
     2     0     2506.00     2969.00        0.50
     2     0     2512.00     2967.00        0.50
     2     0     2518.00     2967.00        0.50
     2     0     2524.00     2965.00        0.50
     2     0     2530.00     2963.00        0.50
     2     0     2536.00     2961.00        0.50
     2     0     2542.00     2959.00        0.50
     2     0     2548.00     2957.00        0.50
     2     0     2554.00     2955.00        0.50
     2     0     2560.00     2951.00        0.50
     2     0     2566.00     2949.00        0.50
     2     0     2572.00     2947.00        0.50
     2     0     2578.00     2943.00        0.50
     2     0     2584.00     2941.00        0.50
     2     0     2590.00     2939.00        0.50
     2     0     2596.00     2937.00        0.50
     2     0     2600.00     2933.00        0.50
     2     0     2606.00     2931.00        0.50
     2     0     2610.00     2927.00        0.50
     2     0     2614.00     2923.00        0.50
     2     0     2618.00     2919.00        0.50
     2     0     2622.00     2915.00        0.50
     2     0     2626.00     2911.00        0.50
     2     0     2632.00     2909.00        0.50
     2     0     2636.00     2905.00        0.50
     2     0     2642.00     2903.00        0.50
     2     0     2648.00     2899.00        0.50
     2     0     2654.00     2897.00        0.50
     2     0     2658.00     2893.00        0.50
     2     0     2662.00     2889.00        0.50
     2     0     2668.00     2885.00        0.50
     2     0     2672.00     2881.00        0.50
     2     0     2678.00     2879.00        0.50
     2     0     2684.00     2875.00        0.50
     2     0     2690.00     2873.00        0.50
     2     0     2694.00     2869.00        0.50
     2     0     2700.00     2865.00        0.50
     2     0     2704.00     2861.00        0.50
     2     0     2708.00     2857.00        0.50
     2     1     1622.00     2017.00        0.50
     2     1     1628.00     2027.00        0.50
     2     1     1632.00     2031.00        0.50
     2     1     1636.00     2037.00        0.50
     2     1     1640.00     2041.00        0.50
     2     1     1646.00     2047.00        0.50
     2     1     1654.00     2053.00        0.50
     2     1     1660.00     2059.00        0.50
     2     1     1668.00     2067.00        0.50
     2     1     1674.00     2071.00        0.50
     2     1     1678.00     2077.00        0.50
     2     1     1684.00     2081.00        0.50
     2     1     1690.00     2087.00        0.50
     2     1     1696.00     2091.00        0.50
     2     1     1700.00     2095.00        0.50
     2     1     1704.00     2099.00        0.50
     2     1     1708.00     2105.00        0.50
     2     1     1712.00     2109.00        0.50
     2     1     1716.00     2115.00        0.50
     2     1     1720.00     2119.00        0.50
     2     1     1724.00     2123.00        0.50
     2     1     1728.00     2127.00        0.50
     2     1     1732.00     2131.00        0.50
     2     1     1736.00     2135.00        0.50
     2     1     1742.00     2139.00        0.50
     2     1     1748.00     2143.00        0.50
     2     1     1754.00     2147.00        0.50
     2     1     1760.00     2151.00        0.50
     2     1     1766.00     2153.00        0.50
     2     1     1774.00     2157.00        0.50
     2     1     1780.00     2161.00        0.50
     2     1     1790.00     2165.00        0.50
     2     1     1796.00     2169.00        0.50
     2     1     1802.00     2173.00        0.50
     2     1     1808.00     2175.00        0.50
     2     1     1816.00     2179.00        0.50
     2     1     1822.00     2183.00        0.50
     2     1     1828.00     2187.00        0.50
     2     1     1836.00     2191.00        0.50
     2     1     1840.00     2195.00        0.50
     2     1     1846.00     2197.00        0.50
     2     1     1850.00     2201.00        0.50
     2     1     1854.00     2205.00        0.50
     2     1     1860.00     2209.00        0.50
     2     1     1866.00     2213.00        0.50
     2     1     1872.00     2215.00        0.50
     2     1     1878.00     2217.00        0.50
     2     1     1884.00     2219.00        0.50
     2     1     1890.00     2221.00        0.50
     2     1     1896.00     2223.00        0.50
     2     1     1902.00     2223.00        0.50
     2     1     1908.00     2223.00        0.50
     2     1     1914.00     2225.00        0.50
     2     1     1920.00     2227.00        0.50
     2     1     1926.00     2229.00        0.50
     2     1     1932.00     2229.00        0.50
     2     1     1938.00     2231.00        0.50
     2     1     1944.00     2233.00        0.50
     2     1     1950.00     2235.00        0.50
     2     1     1956.00     2237.00        0.50
     2     1     1962.00     2239.00        0.50
     2     1     1968.00     2241.00        0.50
     2     1     1974.00     2243.00        0.50
     2     1     1978.00     2247.00        0.50
     2     1     1984.00     2249.00        0.50
     2     1     1990.00     2251.00        0.50
     2     1     1996.00     2253.00        0.50
     2     1     2002.00     2253.00        0.50
     2     1     2008.00     2255.00        0.50
     2     1     2014.00     2255.00        0.50
     2     1     2020.00     2257.00        0.50
     2     1     2026.00     2257.00        0.50
     2     1     2034.00     2257.00        0.50
     2     1     2040.00     2257.00        0.50
     2     1     2046.00     2259.00        0.50
     2     1     2052.00     2259.00        0.50
     2     1     2058.00     2259.00        0.50
     2     1     2066.00     2259.00        0.50
     2     1     2072.00     2259.00        0.50
     2     1     2078.00     2259.00        0.50
     2     1     2084.00     2259.00        0.50
     2     1     2090.00     2259.00        0.50
     2     1     2098.00     2259.00        0.50
     2     1     2104.00     2259.00        0.50
     2     1     2112.00     2259.00        0.50
     2     1     2120.00     2259.00        0.50
     2     1     2128.00     2261.00        0.50
     2     1     2134.00     2261.00        0.50
     2     1     2140.00     2261.00        0.50
     2     1     2146.00     2261.00        0.50
     2     1     2152.00     2261.00        0.50
     2     1     2158.00     2261.00        0.50
     2     1     2164.00     2261.00        0.50
     2     1     2170.00     2261.00        0.50
     2     1     2176.00     2261.00        0.50
     2     1     2182.00     2261.00        0.50
     2     1     2188.00     2261.00        0.50
     2     1     2194.00     2259.00        0.50
     2     1     2200.00     2259.00        0.50
     2     1     2206.00     2259.00        0.50
     2     1     2212.00     2259.00        0.50
     2     1     2218.00     2257.00        0.50
     2     1     2228.00     2257.00        0.50
     2     1     2236.00     2257.00        0.50
     2     1     2242.00     2255.00        0.50
     2     1     2248.00     2255.00        0.50
     2     1     2254.00     2253.00        0.50
     2     1     2260.00     2251.00        0.50
     2     1     2266.00     2251.00        0.50
     2     1     2272.00     2249.00        0.50
     2     1     2278.00     2249.00        0.50
     2     1     2284.00     2247.00        0.50
     2     1     2290.00     2245.00        0.50
     2     1     2296.00     2245.00        0.50
     2     1     2302.00     2245.00        0.50
     2     1     2310.00     2243.00        0.50
     2     1     2316.00     2243.00        0.50
     2     1     2322.00     2243.00        0.50
     2     1     2328.00     2243.00        0.50
     2     1     2334.00     2241.00        0.50
     2     1     2338.00     2237.00        0.50
     2     1     2342.00     2233.00        0.50
     2     1     2348.00     2231.00        0.50
     2     1     2352.00     2227.00        0.50
     2     1     2356.00     2223.00        0.50
     3     0     1422.00     2611.00        0.50
     3     0     1428.00     2613.00        0.50
     3     0     1434.00     2615.00        0.50
     3     0     1440.00     2617.00        0.50
     3     0     1446.00     2619.00        0.50
     3     0     1452.00     2623.00        0.50
     3     0     1458.00     2625.00        0.50
     3     0     1464.00     2627.00        0.50
     3     0     1468.00     2631.00        0.50
     3     0     1474.00     2633.00        0.50
     3     0     1480.00     2635.00        0.50
     3     0     1486.00     2637.00        0.50
     3     0     1490.00     2641.00        0.50
     3     0     1496.00     2643.00        0.50
     3     0     1500.00     2647.00        0.50
     3     0     1506.00     2649.00        0.50
     3     0     1512.00     2653.00        0.50
     3     0     1518.00     2655.00        0.50
     3     0     1524.00     2659.00        0.50
     3     0     1530.00     2661.00        0.50
     3     0     1536.00     2663.00        0.50
     3     0     1542.00     2667.00        0.50
     3     0     1548.00     2671.00        0.50
     3     0     1554.00     2673.00        0.50
     3     0     1558.00     2677.00        0.50
     3     0     1564.00     2679.00        0.50
     3     0     1568.00     2683.00        0.50
     3     0     1574.00     2685.00        0.50
     3     0     1580.00     2689.00        0.50
     3     0     1586.00     2691.00        0.50
     3     0     1590.00     2695.00        0.50
     3     0     1594.00     2699.00        0.50
     3     0     1598.00     2703.00        0.50
     3     0     1602.00     2707.00        0.50
     3     0     1606.00     2711.00        0.50
     3     0     1610.00     2715.00        0.50
     3     0     1614.00     2719.00        0.50
     3     0     1618.00     2723.00        0.50
     3     0     1622.00     2727.00        0.50
     3     0     1626.00     2733.00        0.50
     3     0     1630.00     2737.00        0.50
     3     0     1634.00     2741.00        0.50
     3     0     1638.00     2745.00        0.50
     3     0     1642.00     2749.00        0.50
     3     0     1646.00     2753.00        0.50
     3     0     1650.00     2757.00        0.50
     3     0     1654.00     2761.00        0.50
     3     0     1658.00     2765.00        0.50
     3     0     1664.00     2767.00        0.50
     3     0     1668.00     2771.00        0.50
     3     0     1672.00     2775.00        0.50
     3     0     1676.00     2779.00        0.50
     3     0     1682.00     2783.00        0.50
     3     0     1688.00     2787.00        0.50
     3     0     1694.00     2789.00        0.50
     3     0     1700.00     2793.00        0.50
     3     0     1706.00     2795.00        0.50
     3     0     1710.00     2799.00        0.50
     3     0     1716.00     2801.00        0.50
     3     0     1722.00     2803.00        0.50
     3     0     1728.00     2805.00        0.50
     3     0     1734.00     2807.00        0.50
     3     0     1740.00     2809.00        0.50
     3     0     1746.00     2811.00        0.50
     3     0     1752.00     2813.00        0.50
     3     0     1758.00     2813.00        0.50
     3     0     1764.00     2817.00        0.50
     3     0     1770.00     2819.00        0.50
     3     0     1776.00     2821.00        0.50
     3     0     1782.00     2823.00        0.50
     3     0     1786.00     2827.00        0.50
     3     0     1792.00     2827.00        0.50
     3     0     1798.00     2829.00        0.50
     3     0     1802.00     2833.00        0.50
     3     0     1808.00     2835.00        0.50
     3     0     1814.00     2837.00        0.50
     3     0     1820.00     2841.00        0.50
     3     0     1826.00     2843.00        0.50
     3     0     1830.00     2847.00        0.50
     3     0     1836.00     2849.00        0.50
     3     0     1842.00     2853.00        0.50
     3     0     1848.00     2855.00        0.50
     3     0     1852.00     2859.00        0.50
     3     0     1858.00     2861.00        0.50
     3     0     1864.00     2865.00        0.50
     3     0     1870.00     2867.00        0.50
     3     0     1876.00     2869.00        0.50
     3     0     1880.00     2873.00        0.50
     3     0     1886.00     2875.00        0.50
     3     0     1892.00     2879.00        0.50
     3     0     1898.00     2881.00        0.50
     3     0     1904.00     2883.00        0.50
     3     0     1910.00     2887.00        0.50
     3     0     1916.00     2889.00        0.50
     3     0     1922.00     2891.00        0.50
     3     0     1926.00     2895.00        0.50
     3     0     1932.00     2897.00        0.50
     3     0     1938.00     2899.00        0.50
     3     0     1944.00     2901.00        0.50
     3     0     1950.00     2905.00        0.50
     3     0     1956.00     2907.00        0.50
     3     0     1962.00     2909.00        0.50
     3     0     1968.00     2911.00        0.50
     3     0     1974.00     2915.00        0.50
     3     0     1980.00     2917.00        0.50
     3     0     1986.00     2919.00        0.50
     3     0     1992.00     2921.00        0.50
     3     0     1998.00     2921.00        0.50
     3     0     2004.00     2923.00        0.50
     3     0     2010.00     2923.00        0.50
     3     0     2016.00     2923.00        0.50
     3     0     2022.00     2925.00        0.50
     3     0     2028.00     2927.00        0.50
     3     0     2034.00     2927.00        0.50
     3     0     2040.00     2927.00        0.50
     3     0     2046.00     2927.00        0.50
     3     0     2052.00     2929.00        0.50
     3     0     2062.00     2929.00        0.50
     3     0     2070.00     2931.00        0.50
     3     0     2078.00     2931.00        0.50
     3     0     2084.00     2933.00        0.50
     3     0     2090.00     2933.00        0.50
     3     0     2096.00     2933.00        0.50
     3     0     2102.00     2935.00        0.50
     3     0     2108.00     2935.00        0.50
     3     0     2114.00     2937.00        0.50
     3     0     2120.00     2937.00        0.50
     3     0     2126.00     2939.00        0.50
     3     0     2132.00     2939.00        0.50
     3     0     2138.00     2941.00        0.50
     3     0     2144.00     2941.00        0.50
     3     0     2150.00     2943.00        0.50
     3     0     2156.00     2943.00        0.50
     3     0     2162.00     2943.00        0.50
     3     0     2168.00     2945.00        0.50
     3     0     2174.00     2945.00        0.50
     3     0     2180.00     2945.00        0.50
     3     0     2186.00     2945.00        0.50
     3     0     2192.00     2945.00        0.50
     3     0     2198.00     2945.00        0.50
     3     0     2204.00     2945.00        0.50
     3     0     2212.00     2943.00        0.50
     3     0     2218.00     2943.00        0.50
     3     0     2224.00     2943.00        0.50
     3     0     2230.00     2941.00        0.50
     3     0     2236.00     2941.00        0.50
     3     0     2242.00     2941.00        0.50
     3     0     2248.00     2941.00        0.50
     3     0     2254.00     2941.00        0.50
     3     0     2260.00     2941.00        0.50
     3     0     2266.00     2941.00        0.50
     3     0     2272.00     2941.00        0.50
     3     0     2278.00     2941.00        0.50
     3     0     2284.00     2941.00        0.50
     3     0     2290.00     2941.00        0.50
     3     0     2296.00     2941.00        0.50
     3     0     2304.00     2941.00        0.50
     3     0     2314.00     2941.00        0.50
     3     0     2322.00     2941.00        0.50
     3     0     2328.00     2941.00        0.50
     3     0     2334.00     2941.00        0.50
     3     0     2340.00     2941.00        0.50
     3     0     2346.00     2943.00        0.50
     3     0     2352.00     2943.00        0.50
     3     0     2358.00     2943.00        0.50
     3     0     2364.00     2943.00        0.50
     3     0     2370.00     2945.00        0.50
     3     0     2376.00     2945.00        0.50
     3     0     2382.00     2945.00        0.50
     3     0     2388.00     2945.00        0.50
     3     0     2394.00     2945.00        0.50
     3     0     2400.00     2945.00        0.50
     3     0     2406.00     2945.00        0.50
     3     0     2410.00     2949.00        0.50
     3     0     2416.00     2949.00        0.50
     3     0     2422.00     2949.00        0.50
     3     0     2428.00     2949.00        0.50
     3     0     2434.00     2947.00        0.50
     3     0     2440.00     2947.00        0.50
     3     0     2446.00     2947.00        0.50
     3     0     2452.00     2947.00        0.50
     3     0     2458.00     2945.00        0.50
     3     0     2464.00     2945.00        0.50
     3     0     2470.00     2945.00        0.50
     3     0     2476.00     2945.00        0.50
     3     0     2482.00     2945.00        0.50
     3     0     2488.00     2943.00        0.50
     3     0     2494.00     2943.00        0.50
     3     0     2500.00     2941.00        0.50
     3     0     2506.00     2941.00        0.50
     3     0     2512.00     2939.00        0.50
     3     0     2518.00     2939.00        0.50
     3     0     2524.00     2937.00        0.50
     3     0     2530.00     2937.00        0.50
     3     0     2536.00     2935.00        0.50
     3     0     2542.00     2935.00        0.50
     3     0     2546.00     2931.00        0.50
     3     0     2552.00     2929.00        0.50
     3     0     2558.00     2927.00        0.50
     3     0     2564.00     2925.00        0.50
     3     0     2570.00     2923.00        0.50
     3     0     2576.00     2923.00        0.50
     3     0     2582.00     2921.00        0.50
     3     0     2588.00     2917.00        0.50
     3     0     2594.00     2915.00        0.50
     3     0     2600.00     2913.00        0.50
     3     0     2604.00     2909.00        0.50
     3     0     2608.00     2905.00        0.50
     3     0     2612.00     2901.00        0.50
     3     0     2618.00     2897.00        0.50
     3     0     2622.00     2893.00        0.50
     3     0     2626.00     2887.00        0.50
     3     0     2630.00     2883.00        0.50
     3     0     2636.00     2881.00        0.50
     3     0     2642.00     2877.00        0.50
     3     0     2648.00     2875.00        0.50
     3     0     2654.00     2873.00        0.50
     3     0     2660.00     2871.00        0.50
     3     0     2664.00     2867.00        0.50
     3     0     2670.00     2865.00        0.50
     3     0     2676.00     2861.00        0.50
     3     0     2682.00     2859.00        0.50
     3     0     2686.00     2855.00        0.50
     3     0     2690.00     2851.00        0.50
     3     0     2694.00     2847.00        0.50
     3     1     1580.00     2027.00        0.50
     3     1     1580.00     2033.00        0.50
     3     1     1582.00     2039.00        0.50
     3     1     1586.00     2043.00        0.50
     3     1     1588.00     2049.00        0.50
     3     1     1592.00     2053.00        0.50
     3     1     1594.00     2059.00        0.50
     3     1     1600.00     2061.00        0.50
     3     1     1604.00     2065.00        0.50
     3     1     1610.00     2067.00        0.50
     3     1     1616.00     2071.00        0.50
     3     1     1622.00     2073.00        0.50
     3     1     1628.00     2075.00        0.50
     3     1     1632.00     2079.00        0.50
     3     1     1638.00     2081.00        0.50
     3     1     1642.00     2085.00        0.50
     3     1     1648.00     2087.00        0.50
     3     1     1652.00     2091.00        0.50
     3     1     1656.00     2095.00        0.50
     3     1     1660.00     2099.00        0.50
     3     1     1664.00     2103.00        0.50
     3     1     1668.00     2107.00        0.50
     3     1     1672.00     2111.00        0.50
     3     1     1678.00     2113.00        0.50
     3     1     1682.00     2117.00        0.50
     3     1     1686.00     2121.00        0.50
     3     1     1690.00     2125.00        0.50
     3     1     1696.00     2127.00        0.50
     3     1     1700.00     2131.00        0.50
     3     1     1706.00     2135.00        0.50
     3     1     1712.00     2137.00        0.50
     3     1     1716.00     2141.00        0.50
     3     1     1722.00     2145.00        0.50
     3     1     1728.00     2147.00        0.50
     3     1     1732.00     2151.00        0.50
     3     1     1738.00     2155.00        0.50
     3     1     1744.00     2159.00        0.50
     3     1     1750.00     2161.00        0.50
     3     1     1754.00     2165.00        0.50
     3     1     1760.00     2169.00        0.50
     3     1     1766.00     2173.00        0.50
     3     1     1770.00     2177.00        0.50
     3     1     1776.00     2181.00        0.50
     3     1     1782.00     2183.00        0.50
     3     1     1786.00     2187.00        0.50
     3     1     1790.00     2191.00        0.50
     3     1     1794.00     2195.00        0.50
     3     1     1800.00     2199.00        0.50
     3     1     1806.00     2203.00        0.50
     3     1     1810.00     2207.00        0.50
     3     1     1816.00     2211.00        0.50
     3     1     1822.00     2215.00        0.50
     3     1     1828.00     2219.00        0.50
     3     1     1834.00     2223.00        0.50
     3     1     1840.00     2227.00        0.50
     3     1     1846.00     2229.00        0.50
     3     1     1850.00     2233.00        0.50
     3     1     1854.00     2237.00        0.50
     3     1     1860.00     2241.00        0.50
     3     1     1866.00     2243.00        0.50
     3     1     1872.00     2247.00        0.50
     3     1     1878.00     2247.00        0.50
     3     1     1884.00     2249.00        0.50
     3     1     1890.00     2249.00        0.50
     3     1     1896.00     2251.00        0.50
     3     1     1902.00     2253.00        0.50
     3     1     1908.00     2255.00        0.50
     3     1     1914.00     2257.00        0.50
     3     1     1920.00     2257.00        0.50
     3     1     1926.00     2259.00        0.50
     3     1     1932.00     2261.00        0.50
     3     1     1938.00     2263.00        0.50
     3     1     1944.00     2263.00        0.50
     3     1     1954.00     2265.00        0.50
     3     1     1962.00     2267.00        0.50
     3     1     1972.00     2271.00        0.50
     3     1     1980.00     2271.00        0.50
     3     1     1988.00     2273.00        0.50
     3     1     1996.00     2273.00        0.50
     3     1     2004.00     2275.00        0.50
     3     1     2012.00     2277.00        0.50
     3     1     2018.00     2277.00        0.50
     3     1     2024.00     2277.00        0.50
     3     1     2030.00     2279.00        0.50
     3     1     2036.00     2279.00        0.50
     3     1     2042.00     2281.00        0.50
     3     1     2048.00     2281.00        0.50
     3     1     2054.00     2283.00        0.50
     3     1     2060.00     2283.00        0.50
     3     1     2066.00     2285.00        0.50
     3     1     2072.00     2285.00        0.50
     3     1     2086.00     2287.00        0.50
     3     1     2094.00     2289.00        0.50
     3     1     2100.00     2291.00        0.50
     3     1     2110.00     2291.00        0.50
     3     1     2118.00     2293.00        0.50
     3     1     2126.00     2293.00        0.50
     3     1     2138.00     2293.00        0.50
     3     1     2146.00     2293.00        0.50
     3     1     2152.00     2293.00        0.50
     3     1     2158.00     2291.00        0.50
     3     1     2164.00     2291.00        0.50
     3     1     2170.00     2289.00        0.50
     3     1     2182.00     2285.00        0.50
     3     1     2190.00     2285.00        0.50
     3     1     2196.00     2283.00        0.50
     3     1     2204.00     2283.00        0.50
     3     1     2212.00     2283.00        0.50
     3     1     2218.00     2281.00        0.50
     3     1     2226.00     2281.00        0.50
     3     1     2232.00     2279.00        0.50
     3     1     2238.00     2279.00        0.50
     3     1     2248.00     2277.00        0.50
     3     1     2256.00     2275.00        0.50
     3     1     2264.00     2275.00        0.50
     3     1     2270.00     2273.00        0.50
     3     1     2276.00     2269.00        0.50
     3     1     2286.00     2267.00        0.50
     3     1     2294.00     2263.00        0.50
     3     1     2300.00     2261.00        0.50
     3     1     2306.00     2261.00        0.50
     3     1     2312.00     2261.00        0.50
     3     1     2318.00     2259.00        0.50
     3     1     2324.00     2259.00        0.50
     3     1     2330.00     2259.00        0.50
     3     1     2336.00     2259.00        0.50
     3     1     2342.00     2259.00        0.50
     3     1     2348.00     2259.00        0.50
     3     1     2354.00     2257.00        0.50
     3     1     2360.00     2257.00        0.50
     3     1     2364.00     2253.00        0.50
