     0     0     2232.00     1545.00        0.50
     0     0     2226.00     1535.00        0.50
     0     0     2222.00     1529.00        0.50
     0     0     2218.00     1525.00        0.50
     0     0     2216.00     1519.00        0.50
     0     0     2214.00     1513.00        0.50
     0     0     2210.00     1507.00        0.50
     0     0     2204.00     1497.00        0.50
     0     0     2202.00     1491.00        0.50
     0     0     2200.00     1485.00        0.50
     0     0     2196.00     1481.00        0.50
     0     0     2194.00     1475.00        0.50
     0     0     2192.00     1469.00        0.50
     0     0     2190.00     1463.00        0.50
     0     0     2188.00     1457.00        0.50
     0     0     2186.00     1451.00        0.50
     0     0     2184.00     1445.00        0.50
     0     0     2182.00     1437.00        0.50
     0     0     2182.00     1429.00        0.50
     0     0     2180.00     1421.00        0.50
     0     0     2180.00     1413.00        0.50
     0     0     2180.00     1407.00        0.50
     0     0     2180.00     1399.00        0.50
     0     0     2180.00     1391.00        0.50
     0     0     2180.00     1385.00        0.50
     0     0     2180.00     1375.00        0.50
     0     0     2180.00     1369.00        0.50
     0     0     2180.00     1361.00        0.50
     0     0     2182.00     1353.00        0.50
     0     0     2182.00     1347.00        0.50
     0     0     2184.00     1339.00        0.50
     0     0     2186.00     1331.00        0.50
     0     0     2188.00     1325.00        0.50
     0     0     2190.00     1319.00        0.50
     0     0     2194.00     1315.00        0.50
     0     0     2196.00     1309.00        0.50
     0     0     2200.00     1305.00        0.50
     0     0     2204.00     1301.00        0.50
     0     0     2208.00     1295.00        0.50
     0     0     2214.00     1291.00        0.50
     0     0     2218.00     1287.00        0.50
     0     0     2224.00     1283.00        0.50
     0     0     2232.00     1279.00        0.50
     0     0     2238.00     1275.00        0.50
     0     0     2244.00     1273.00        0.50
     0     0     2250.00     1269.00        0.50
     0     0     2256.00     1267.00        0.50
     0     0     2262.00     1265.00        0.50
     0     0     2268.00     1263.00        0.50
     0     0     2274.00     1261.00        0.50
     0     0     2280.00     1259.00        0.50
     0     0     2288.00     1257.00        0.50
     0     0     2294.00     1255.00        0.50
     0     0     2300.00     1255.00        0.50
     0     0     2310.00     1253.00        0.50
     0     0     2316.00     1253.00        0.50
     0     0     2322.00     1251.00        0.50
     0     0     2328.00     1251.00        0.50
     0     0     2334.00     1251.00        0.50
     0     0     2342.00     1251.00        0.50
     0     0     2350.00     1251.00        0.50
     0     0     2356.00     1251.00        0.50
     0     0     2362.00     1251.00        0.50
     0     0     2368.00     1251.00        0.50
     0     0     2374.00     1253.00        0.50
     0     0     2380.00     1253.00        0.50
     0     0     2386.00     1253.00        0.50
     0     0     2392.00     1255.00        0.50
     0     0     2398.00     1255.00        0.50
     0     0     2404.00     1257.00        0.50
     0     0     2412.00     1259.00        0.50
     0     0     2418.00     1259.00        0.50
     0     0     2424.00     1261.00        0.50
     0     0     2430.00     1263.00        0.50
     0     0     2434.00     1267.00        0.50
     0     0     2440.00     1269.00        0.50
     0     0     2444.00     1273.00        0.50
     0     0     2450.00     1277.00        0.50
     0     0     2454.00     1281.00        0.50
     0     0     2458.00     1285.00        0.50
     0     0     2462.00     1289.00        0.50
     0     0     2466.00     1295.00        0.50
     0     0     2470.00     1301.00        0.50
     0     0     2474.00     1307.00        0.50
     0     0     2476.00     1313.00        0.50
     0     0     2480.00     1319.00        0.50
     0     0     2482.00     1325.00        0.50
     0     0     2486.00     1329.00        0.50
     0     0     2488.00     1335.00        0.50
     0     0     2490.00     1341.00        0.50
     0     0     2492.00     1347.00        0.50
     0     0     2494.00     1353.00        0.50
     0     0     2496.00     1359.00        0.50
     0     0     2498.00     1365.00        0.50
     0     0     2498.00     1371.00        0.50
     0     0     2500.00     1377.00        0.50
     0     0     2500.00     1383.00        0.50
     0     0     2500.00     1389.00        0.50
     0     0     2502.00     1395.00        0.50
     0     0     2502.00     1401.00        0.50
     0     0     2502.00     1409.00        0.50
     0     0     2502.00     1415.00        0.50
     0     0     2502.00     1423.00        0.50
     0     0     2502.00     1429.00        0.50
     0     0     2502.00     1437.00        0.50
     0     0     2500.00     1443.00        0.50
     0     0     2498.00     1451.00        0.50
     0     0     2496.00     1459.00        0.50
     0     0     2492.00     1465.00        0.50
     0     0     2490.00     1471.00        0.50
     0     0     2488.00     1479.00        0.50
     0     0     2484.00     1483.00        0.50
     0     0     2480.00     1489.00        0.50
     0     0     2476.00     1495.00        0.50
     0     0     2472.00     1501.00        0.50
     0     0     2468.00     1507.00        0.50
     0     0     2464.00     1511.00        0.50
     0     0     2458.00     1513.00        0.50
     0     0     2454.00     1517.00        0.50
     0     0     2450.00     1521.00        0.50
     0     0     2446.00     1525.00        0.50
     0     0     2438.00     1529.00        0.50
     0     0     2432.00     1537.00        0.50
     0     0     2428.00     1541.00        0.50
     0     0     2424.00     1545.00        0.50
     0     0     2420.00     1549.00        0.50
     0     0     2416.00     1553.00        0.50
     0     0     2410.00     1557.00        0.50
     0     0     2406.00     1561.00        0.50
     0     0     2402.00     1565.00        0.50
     0     0     2398.00     1569.00        0.50
     1     0     2280.00     1511.00        0.50
     1     0     2274.00     1501.00        0.50
     1     0     2270.00     1495.00        0.50
     1     0     2266.00     1489.00        0.50
     1     0     2264.00     1483.00        0.50
     1     0     2262.00     1477.00        0.50
     1     0     2260.00     1471.00        0.50
     1     0     2258.00     1465.00        0.50
     1     0     2256.00     1459.00        0.50
     1     0     2254.00     1453.00        0.50
     1     0     2250.00     1447.00        0.50
     1     0     2248.00     1441.00        0.50
     1     0     2246.00     1435.00        0.50
     1     0     2244.00     1429.00        0.50
     1     0     2244.00     1423.00        0.50
     1     0     2242.00     1417.00        0.50
     1     0     2240.00     1411.00        0.50
     1     0     2240.00     1405.00        0.50
     1     0     2240.00     1399.00        0.50
     1     0     2240.00     1393.00        0.50
     1     0     2240.00     1387.00        0.50
     1     0     2240.00     1381.00        0.50
     1     0     2242.00     1375.00        0.50
     1     0     2244.00     1369.00        0.50
     1     0     2248.00     1363.00        0.50
     1     0     2250.00     1357.00        0.50
     1     0     2254.00     1353.00        0.50
     1     0     2258.00     1347.00        0.50
     1     0     2262.00     1341.00        0.50
     1     0     2266.00     1337.00        0.50
     1     0     2270.00     1331.00        0.50
     1     0     2274.00     1327.00        0.50
     1     0     2278.00     1323.00        0.50
     1     0     2282.00     1319.00        0.50
     1     0     2288.00     1317.00        0.50
     1     0     2294.00     1315.00        0.50
     1     0     2300.00     1311.00        0.50
     1     0     2306.00     1311.00        0.50
     1     0     2312.00     1309.00        0.50
     1     0     2320.00     1309.00        0.50
     1     0     2326.00     1309.00        0.50
     1     0     2332.00     1309.00        0.50
     1     0     2338.00     1309.00        0.50
     1     0     2344.00     1309.00        0.50
     1     0     2350.00     1311.00        0.50
     1     0     2356.00     1311.00        0.50
     1     0     2362.00     1313.00        0.50
     1     0     2368.00     1315.00        0.50
     1     0     2374.00     1319.00        0.50
     1     0     2380.00     1319.00        0.50
     1     0     2384.00     1323.00        0.50
     1     0     2390.00     1325.00        0.50
     1     0     2394.00     1329.00        0.50
     1     0     2400.00     1333.00        0.50
     1     0     2404.00     1337.00        0.50
     1     0     2408.00     1341.00        0.50
     1     0     2412.00     1345.00        0.50
     1     0     2416.00     1349.00        0.50
     1     0     2418.00     1355.00        0.50
     1     0     2422.00     1361.00        0.50
     1     0     2424.00     1367.00        0.50
     1     0     2428.00     1371.00        0.50
     1     0     2430.00     1377.00        0.50
     1     0     2432.00     1383.00        0.50
     1     0     2434.00     1391.00        0.50
     1     0     2436.00     1399.00        0.50
     1     0     2438.00     1405.00        0.50
     1     0     2438.00     1413.00        0.50
     1     0     2440.00     1419.00        0.50
     1     0     2440.00     1427.00        0.50
     1     0     2440.00     1435.00        0.50
     1     0     2438.00     1441.00        0.50
     1     0     2438.00     1451.00        0.50
     1     0     2436.00     1457.00        0.50
     1     0     2436.00     1463.00        0.50
     1     0     2434.00     1469.00        0.50
     1     0     2430.00     1473.00        0.50
     1     0     2428.00     1479.00        0.50
     1     0     2424.00     1483.00        0.50
     1     0     2420.00     1489.00        0.50
     1     0     2416.00     1493.00        0.50
     1     0     2410.00     1497.00        0.50
     1     0     2406.00     1501.00        0.50
     1     0     2400.00     1505.00        0.50
     1     0     2396.00     1509.00        0.50
     1     0     2392.00     1513.00        0.50
     1     0     2386.00     1515.00        0.50
     1     0     2380.00     1519.00        0.50
     1     0     2374.00     1521.00        0.50
     1     0     2370.00     1525.00        0.50
     2     0     1198.00     1955.00        0.50
     2     0     1202.00     1951.00        0.50
     2     0     1208.00     1949.00        0.50
     2     0     1212.00     1945.00        0.50
     2     0     1216.00     1941.00        0.50
     2     0     1222.00     1937.00        0.50
     2     0     1228.00     1935.00        0.50
     2     0     1232.00     1931.00        0.50
     2     0     1238.00     1927.00        0.50
     2     0     1244.00     1925.00        0.50
     2     0     1248.00     1921.00        0.50
     2     0     1254.00     1919.00        0.50
     2     0     1260.00     1915.00        0.50
     2     0     1266.00     1913.00        0.50
     2     0     1272.00     1909.00        0.50
     2     0     1278.00     1907.00        0.50
     2     0     1284.00     1903.00        0.50
     2     0     1290.00     1901.00        0.50
     2     0     1296.00     1897.00        0.50
     2     0     1302.00     1895.00        0.50
     2     0     1308.00     1893.00        0.50
     2     0     1314.00     1891.00        0.50
     2     0     1320.00     1887.00        0.50
     2     0     1326.00     1885.00        0.50
     2     0     1332.00     1883.00        0.50
     2     0     1338.00     1881.00        0.50
     2     0     1344.00     1879.00        0.50
     2     0     1350.00     1877.00        0.50
     2     0     1354.00     1873.00        0.50
     2     0     1362.00     1871.00        0.50
     2     0     1370.00     1869.00        0.50
     2     0     1378.00     1865.00        0.50
     2     0     1384.00     1863.00        0.50
     2     0     1392.00     1859.00        0.50
     2     0     1398.00     1857.00        0.50
     2     0     1404.00     1855.00        0.50
     2     0     1410.00     1853.00        0.50
     2     0     1418.00     1849.00        0.50
     2     0     1424.00     1847.00        0.50
     2     0     1432.00     1843.00        0.50
     2     0     1440.00     1841.00        0.50
     2     0     1446.00     1839.00        0.50
     2     0     1454.00     1835.00        0.50
     2     0     1460.00     1833.00        0.50
     2     0     1466.00     1831.00        0.50
     2     0     1472.00     1829.00        0.50
     2     0     1478.00     1825.00        0.50
     2     0     1484.00     1823.00        0.50
     2     0     1490.00     1821.00        0.50
     2     0     1496.00     1817.00        0.50
     2     0     1502.00     1815.00        0.50
     2     0     1508.00     1813.00        0.50
     2     0     1514.00     1811.00        0.50
     2     0     1520.00     1809.00        0.50
     2     0     1526.00     1805.00        0.50
     2     0     1532.00     1805.00        0.50
     2     0     1538.00     1803.00        0.50
     2     0     1544.00     1801.00        0.50
     2     0     1550.00     1799.00        0.50
     2     0     1556.00     1797.00        0.50
     2     0     1562.00     1795.00        0.50
     2     0     1568.00     1795.00        0.50
     2     0     1574.00     1793.00        0.50
     2     0     1580.00     1793.00        0.50
     2     0     1586.00     1793.00        0.50
     2     0     1592.00     1793.00        0.50
     2     0     1598.00     1791.00        0.50
     2     0     1604.00     1791.00        0.50
     2     0     1610.00     1791.00        0.50
     2     0     1616.00     1791.00        0.50
     2     0     1622.00     1791.00        0.50
     2     0     1628.00     1793.00        0.50
     2     0     1634.00     1793.00        0.50
     2     0     1640.00     1793.00        0.50
     2     0     1646.00     1795.00        0.50
     2     0     1652.00     1795.00        0.50
     2     0     1658.00     1795.00        0.50
     2     1     1920.00     1713.00        0.50
     2     1     1928.00     1705.00        0.50
     2     1     1932.00     1701.00        0.50
     2     1     1936.00     1697.00        0.50
     2     1     1940.00     1693.00        0.50
     2     1     1944.00     1689.00        0.50
     2     1     1950.00     1685.00        0.50
     2     1     1954.00     1681.00        0.50
     2     1     1960.00     1675.00        0.50
     2     1     1966.00     1671.00        0.50
     2     1     1972.00     1669.00        0.50
     2     1     1976.00     1665.00        0.50
     2     1     1982.00     1663.00        0.50
     2     1     1988.00     1661.00        0.50
     2     1     1994.00     1659.00        0.50
     2     1     2002.00     1657.00        0.50
     2     1     2008.00     1653.00        0.50
     2     1     2018.00     1651.00        0.50
     2     1     2030.00     1647.00        0.50
     2     1     2038.00     1645.00        0.50
     2     1     2046.00     1643.00        0.50
     2     1     2054.00     1641.00        0.50
     2     1     2062.00     1639.00        0.50
     2     1     2070.00     1639.00        0.50
     2     1     2080.00     1637.00        0.50
     2     1     2086.00     1635.00        0.50
     2     1     2092.00     1633.00        0.50
     2     1     2098.00     1631.00        0.50
     2     1     2106.00     1631.00        0.50
     2     1     2114.00     1627.00        0.50
     2     1     2120.00     1625.00        0.50
     2     1     2130.00     1623.00        0.50
     2     1     2140.00     1621.00        0.50
     2     1     2148.00     1619.00        0.50
     2     1     2154.00     1617.00        0.50
     2     1     2160.00     1615.00        0.50
     2     1     2166.00     1615.00        0.50
     2     1     2172.00     1613.00        0.50
     2     1     2178.00     1613.00        0.50
     2     1     2184.00     1611.00        0.50
     2     1     2190.00     1611.00        0.50
     2     1     2196.00     1609.00        0.50
     2     1     2202.00     1609.00        0.50
     3     0     1204.00     1989.00        0.50
     3     0     1214.00     1983.00        0.50
     3     0     1218.00     1979.00        0.50
     3     0     1224.00     1975.00        0.50
     3     0     1228.00     1971.00        0.50
     3     0     1234.00     1969.00        0.50
     3     0     1238.00     1965.00        0.50
     3     0     1244.00     1961.00        0.50
     3     0     1250.00     1959.00        0.50
     3     0     1254.00     1953.00        0.50
     3     0     1264.00     1949.00        0.50
     3     0     1272.00     1945.00        0.50
     3     0     1278.00     1941.00        0.50
     3     0     1284.00     1937.00        0.50
     3     0     1290.00     1933.00        0.50
     3     0     1296.00     1931.00        0.50
     3     0     1302.00     1927.00        0.50
     3     0     1308.00     1923.00        0.50
     3     0     1314.00     1921.00        0.50
     3     0     1320.00     1917.00        0.50
     3     0     1326.00     1915.00        0.50
     3     0     1332.00     1911.00        0.50
     3     0     1338.00     1909.00        0.50
     3     0     1344.00     1907.00        0.50
     3     0     1350.00     1905.00        0.50
     3     0     1356.00     1901.00        0.50
     3     0     1362.00     1899.00        0.50
     3     0     1368.00     1897.00        0.50
     3     0     1374.00     1895.00        0.50
     3     0     1380.00     1893.00        0.50
     3     0     1386.00     1891.00        0.50
     3     0     1392.00     1887.00        0.50
     3     0     1398.00     1885.00        0.50
     3     0     1408.00     1883.00        0.50
     3     0     1414.00     1881.00        0.50
     3     0     1420.00     1877.00        0.50
     3     0     1426.00     1875.00        0.50
     3     0     1434.00     1873.00        0.50
     3     0     1440.00     1871.00        0.50
     3     0     1446.00     1867.00        0.50
     3     0     1452.00     1865.00        0.50
     3     0     1458.00     1863.00        0.50
     3     0     1464.00     1861.00        0.50
     3     0     1470.00     1859.00        0.50
     3     0     1476.00     1857.00        0.50
     3     0     1482.00     1855.00        0.50
     3     0     1490.00     1853.00        0.50
     3     0     1496.00     1851.00        0.50
     3     0     1502.00     1849.00        0.50
     3     0     1508.00     1847.00        0.50
     3     0     1514.00     1843.00        0.50
     3     0     1520.00     1841.00        0.50
     3     0     1526.00     1839.00        0.50
     3     0     1532.00     1839.00        0.50
     3     0     1538.00     1837.00        0.50
     3     0     1544.00     1835.00        0.50
     3     0     1552.00     1833.00        0.50
     3     0     1558.00     1831.00        0.50
     3     0     1566.00     1831.00        0.50
     3     0     1572.00     1829.00        0.50
     3     0     1578.00     1829.00        0.50
     3     0     1586.00     1829.00        0.50
     3     0     1592.00     1827.00        0.50
     3     0     1598.00     1825.00        0.50
     3     0     1604.00     1825.00        0.50
     3     0     1610.00     1823.00        0.50
     3     0     1616.00     1823.00        0.50
     3     0     1622.00     1823.00        0.50
     3     0     1628.00     1821.00        0.50
     3     0     1634.00     1821.00        0.50
     3     0     1640.00     1819.00        0.50
     3     0     1646.00     1819.00        0.50
     3     0     1652.00     1819.00        0.50
     3     0     1658.00     1819.00        0.50
     3     1     1934.00     1735.00        0.50
     3     1     1938.00     1731.00        0.50
     3     1     1942.00     1727.00        0.50
     3     1     1948.00     1725.00        0.50
     3     1     1954.00     1721.00        0.50
     3     1     1960.00     1717.00        0.50
     3     1     1966.00     1715.00        0.50
     3     1     1972.00     1713.00        0.50
     3     1     1976.00     1709.00        0.50
     3     1     1984.00     1705.00        0.50
     3     1     1992.00     1703.00        0.50
     3     1     1998.00     1701.00        0.50
     3     1     2006.00     1699.00        0.50
     3     1     2014.00     1695.00        0.50
     3     1     2022.00     1693.00        0.50
     3     1     2032.00     1689.00        0.50
     3     1     2044.00     1687.00        0.50
     3     1     2056.00     1685.00        0.50
     3     1     2064.00     1683.00        0.50
     3     1     2074.00     1681.00        0.50
     3     1     2082.00     1679.00        0.50
     3     1     2090.00     1677.00        0.50
     3     1     2096.00     1675.00        0.50
     3     1     2106.00     1673.00        0.50
     3     1     2114.00     1673.00        0.50
     3     1     2120.00     1671.00        0.50
     3     1     2126.00     1669.00        0.50
     3     1     2134.00     1667.00        0.50
     3     1     2142.00     1665.00        0.50
     3     1     2152.00     1661.00        0.50
     3     1     2162.00     1659.00        0.50
     3     1     2172.00     1653.00        0.50
     3     1     2180.00     1651.00        0.50
     3     1     2186.00     1647.00        0.50
     3     1     2192.00     1645.00        0.50
     3     1     2200.00     1641.00        0.50
     3     1     2208.00     1637.00        0.50
     3     1     2214.00     1633.00        0.50
