     0     0     2628.00     1454.00        0.50
     0     0     2640.00     1450.00        0.50
     0     0     2644.00     1438.00        0.50
     0     0     2652.00     1430.00        0.50
     0     0     2660.00     1418.00        0.50
     0     0     2664.00     1406.00        0.50
     0     0     2672.00     1398.00        0.50
     0     0     2680.00     1386.00        0.50
     0     0     2688.00     1378.00        0.50
     0     0     2692.00     1366.00        0.50
     0     0     2700.00     1358.00        0.50
     0     0     2712.00     1354.00        0.50
     0     0     2720.00     1346.00        0.50
     0     0     2732.00     1342.00        0.50
     0     0     2744.00     1338.00        0.50
     0     0     2756.00     1338.00        0.50
     0     0     2768.00     1338.00        0.50
     0     0     2780.00     1338.00        0.50
     0     0     2792.00     1342.00        0.50
     0     0     2804.00     1346.00        0.50
     0     0     2816.00     1350.00        0.50
     0     0     2828.00     1354.00        0.50
     0     0     2836.00     1362.00        0.50
     0     0     2848.00     1366.00        0.50
     0     0     2856.00     1374.00        0.50
     0     0     2868.00     1382.00        0.50
     0     0     2876.00     1390.00        0.50
     0     0     2880.00     1402.00        0.50
     0     0     2888.00     1410.00        0.50
     0     0     2892.00     1422.00        0.50
     0     0     2896.00     1434.00        0.50
     0     0     2900.00     1446.00        0.50
     0     0     2904.00     1458.00        0.50
     0     0     2904.00     1470.00        0.50
     0     0     2904.00     1482.00        0.50
     0     0     2904.00     1494.00        0.50
     0     0     2904.00     1506.00        0.50
     0     0     2904.00     1518.00        0.50
     0     0     2904.00     1530.00        0.50
     0     0     2900.00     1542.00        0.50
     0     0     2900.00     1554.00        0.50
     0     0     2896.00     1566.00        0.50
     0     0     2896.00     1578.00        0.50
     0     0     2896.00     1590.00        0.50
     0     0     2892.00     1602.00        0.50
     0     0     2888.00     1614.00        0.50
     0     0     2884.00     1626.00        0.50
     0     0     2876.00     1634.00        0.50
     0     0     2868.00     1642.00        0.50
     0     0     2856.00     1642.00        0.50
     0     0     2844.00     1646.00        0.50
     0     0     2832.00     1646.00        0.50
     0     0     2820.00     1646.00        0.50
     0     0     2808.00     1646.00        0.50
     0     0     2796.00     1646.00        0.50
     0     0     2784.00     1646.00        0.50
     0     0     2772.00     1646.00        0.50
     0     0     2760.00     1646.00        0.50
     0     0     2748.00     1646.00        0.50
     0     0     2736.00     1642.00        0.50
     0     0     2724.00     1642.00        0.50
     0     0     2712.00     1642.00        0.50
     0     0     2700.00     1642.00        0.50
     0     0     2688.00     1642.00        0.50
     0     0     2676.00     1642.00        0.50
     0     1     3112.00     2574.00        0.50
     0     1     3100.00     2574.00        0.50
     0     1     3088.00     2574.00        0.50
     0     1     3076.00     2574.00        0.50
     0     1     3064.00     2574.00        0.50
     0     1     3052.00     2570.00        0.50
     0     1     3040.00     2570.00        0.50
     0     1     3028.00     2566.00        0.50
     0     1     3020.00     2558.00        0.50
     0     1     3008.00     2554.00        0.50
     0     1     3000.00     2546.00        0.50
     0     1     2988.00     2542.00        0.50
     0     1     2980.00     2534.00        0.50
     0     1     2976.00     2522.00        0.50
     0     1     2972.00     2510.00        0.50
     0     1     2968.00     2498.00        0.50
     0     1     2960.00     2490.00        0.50
     0     1     2956.00     2478.00        0.50
     0     1     2952.00     2466.00        0.50
     0     1     2948.00     2454.00        0.50
     0     1     2948.00     2442.00        0.50
     0     1     2948.00     2430.00        0.50
     0     1     2952.00     2418.00        0.50
     0     1     2960.00     2406.00        0.50
     0     1     2964.00     2394.00        0.50
     0     1     2972.00     2386.00        0.50
     0     1     2976.00     2374.00        0.50
     0     1     2980.00     2362.00        0.50
     0     1     2988.00     2350.00        0.50
     0     1     2992.00     2338.00        0.50
     0     1     2992.00     2326.00        0.50
     0     1     2996.00     2314.00        0.50
     0     1     3000.00     2302.00        0.50
     0     1     3004.00     2290.00        0.50
     0     1     3008.00     2278.00        0.50
     0     1     3016.00     2270.00        0.50
     0     1     3024.00     2262.00        0.50
     0     1     3036.00     2262.00        0.50
     0     1     3048.00     2258.00        0.50
     0     1     3060.00     2258.00        0.50
     0     1     3072.00     2258.00        0.50
     0     1     3084.00     2258.00        0.50
     0     1     3096.00     2262.00        0.50
     0     1     3108.00     2270.00        0.50
     0     1     3120.00     2274.00        0.50
     0     1     3132.00     2278.00        0.50
     0     1     3144.00     2286.00        0.50
     0     1     3156.00     2294.00        0.50
     0     1     3168.00     2298.00        0.50
     0     1     3180.00     2302.00        0.50
     0     1     3188.00     2310.00        0.50
     0     1     3200.00     2314.00        0.50
     0     1     3208.00     2322.00        0.50
     0     1     3220.00     2330.00        0.50
     0     1     3228.00     2342.00        0.50
     0     1     3232.00     2354.00        0.50
     0     1     3236.00     2366.00        0.50
     0     1     3236.00     2378.00        0.50
     0     1     3236.00     2390.00        0.50
     0     1     3232.00     2402.00        0.50
     0     1     3228.00     2414.00        0.50
     0     1     3224.00     2426.00        0.50
     0     1     3216.00     2434.00        0.50
     0     1     3212.00     2446.00        0.50
     0     1     3208.00     2458.00        0.50
     0     1     3200.00     2470.00        0.50
     0     1     3196.00     2482.00        0.50
     0     1     3192.00     2494.00        0.50
     0     1     3192.00     2506.00        0.50
     0     1     3188.00     2518.00        0.50
     0     1     3188.00     2530.00        0.50
     0     1     3184.00     2542.00        0.50
     0     1     3184.00     2554.00        0.50
     0     1     3176.00     2562.00        0.50
     0     1     3168.00     2570.00        0.50
     1     0     2668.00     1474.00        0.50
     1     0     2672.00     1462.00        0.50
     1     0     2680.00     1454.00        0.50
     1     0     2688.00     1446.00        0.50
     1     0     2696.00     1438.00        0.50
     1     0     2704.00     1426.00        0.50
     1     0     2712.00     1418.00        0.50
     1     0     2720.00     1410.00        0.50
     1     0     2728.00     1398.00        0.50
     1     0     2736.00     1390.00        0.50
     1     0     2748.00     1382.00        0.50
     1     0     2760.00     1378.00        0.50
     1     0     2772.00     1378.00        0.50
     1     0     2784.00     1378.00        0.50
     1     0     2792.00     1386.00        0.50
     1     0     2804.00     1390.00        0.50
     1     0     2812.00     1398.00        0.50
     1     0     2820.00     1406.00        0.50
     1     0     2828.00     1414.00        0.50
     1     0     2836.00     1422.00        0.50
     1     0     2844.00     1430.00        0.50
     1     0     2848.00     1442.00        0.50
     1     0     2856.00     1450.00        0.50
     1     0     2860.00     1462.00        0.50
     1     0     2864.00     1474.00        0.50
     1     0     2868.00     1486.00        0.50
     1     0     2868.00     1498.00        0.50
     1     0     2868.00     1510.00        0.50
     1     0     2868.00     1522.00        0.50
     1     0     2864.00     1534.00        0.50
     1     0     2860.00     1546.00        0.50
     1     0     2852.00     1558.00        0.50
     1     0     2848.00     1570.00        0.50
     1     0     2840.00     1578.00        0.50
     1     0     2836.00     1590.00        0.50
     1     0     2828.00     1598.00        0.50
     1     0     2816.00     1602.00        0.50
     1     0     2804.00     1606.00        0.50
     1     0     2792.00     1606.00        0.50
     1     0     2780.00     1606.00        0.50
     1     0     2768.00     1606.00        0.50
     1     0     2756.00     1606.00        0.50
     1     0     2744.00     1606.00        0.50
     1     0     2732.00     1606.00        0.50
     1     0     2720.00     1606.00        0.50
     1     0     2708.00     1606.00        0.50
     1     0     2696.00     1610.00        0.50
     2     0     1708.00     2746.00        0.50
     2     0     1720.00     2742.00        0.50
     2     0     1732.00     2742.00        0.50
     2     0     1744.00     2742.00        0.50
     2     0     1756.00     2746.00        0.50
     2     0     1768.00     2746.00        0.50
     2     0     1780.00     2746.00        0.50
     2     0     1792.00     2746.00        0.50
     2     0     1804.00     2746.00        0.50
     2     0     1816.00     2746.00        0.50
     2     0     1828.00     2746.00        0.50
     2     0     1840.00     2746.00        0.50
     2     0     1852.00     2746.00        0.50
     2     0     1864.00     2746.00        0.50
     2     0     1876.00     2746.00        0.50
     2     0     1888.00     2746.00        0.50
     2     0     1900.00     2746.00        0.50
     2     0     1912.00     2746.00        0.50
     2     0     1924.00     2746.00        0.50
     2     0     1936.00     2746.00        0.50
     2     0     1948.00     2746.00        0.50
     2     0     1960.00     2746.00        0.50
     2     0     1972.00     2746.00        0.50
     2     0     1984.00     2746.00        0.50
     2     0     1996.00     2746.00        0.50
     2     0     2008.00     2746.00        0.50
     2     0     2020.00     2746.00        0.50
     2     0     2032.00     2746.00        0.50
     2     0     2044.00     2746.00        0.50
     2     0     2056.00     2746.00        0.50
     2     0     2068.00     2742.00        0.50
     2     0     2080.00     2742.00        0.50
     2     0     2092.00     2742.00        0.50
     2     0     2104.00     2738.00        0.50
     2     0     2116.00     2734.00        0.50
     2     0     2128.00     2730.00        0.50
     2     0     2140.00     2726.00        0.50
     2     0     2152.00     2722.00        0.50
     2     0     2164.00     2714.00        0.50
     2     0     2176.00     2710.00        0.50
     2     0     2188.00     2706.00        0.50
     2     0     2200.00     2702.00        0.50
     2     0     2212.00     2698.00        0.50
     2     0     2224.00     2694.00        0.50
     2     0     2236.00     2690.00        0.50
     2     0     2248.00     2686.00        0.50
     2     0     2260.00     2682.00        0.50
     2     0     2272.00     2678.00        0.50
     2     0     2280.00     2670.00        0.50
     2     0     2292.00     2666.00        0.50
     2     0     2300.00     2658.00        0.50
     2     0     2312.00     2654.00        0.50
     2     0     2324.00     2646.00        0.50
     2     0     2332.00     2638.00        0.50
     2     0     2340.00     2630.00        0.50
     2     0     2348.00     2622.00        0.50
     2     0     2356.00     2614.00        0.50
     2     0     2364.00     2606.00        0.50
     2     0     2372.00     2598.00        0.50
     2     0     2380.00     2590.00        0.50
     2     0     2392.00     2586.00        0.50
     2     0     2400.00     2578.00        0.50
     2     0     2408.00     2570.00        0.50
     2     0     2412.00     2558.00        0.50
     2     0     2420.00     2550.00        0.50
     2     0     2428.00     2542.00        0.50
     2     0     2432.00     2530.00        0.50
     2     0     2436.00     2518.00        0.50
     2     0     2440.00     2506.00        0.50
     2     0     2448.00     2498.00        0.50
     2     0     2452.00     2486.00        0.50
     2     0     2456.00     2474.00        0.50
     2     0     2460.00     2462.00        0.50
     2     0     2464.00     2450.00        0.50
     2     0     2468.00     2438.00        0.50
     2     0     2472.00     2426.00        0.50
     2     0     2476.00     2414.00        0.50
     2     0     2484.00     2406.00        0.50
     2     0     2488.00     2394.00        0.50
     2     0     2492.00     2382.00        0.50
     2     0     2500.00     2370.00        0.50
     2     0     2504.00     2358.00        0.50
     2     0     2512.00     2350.00        0.50
     2     0     2516.00     2338.00        0.50
     2     0     2520.00     2326.00        0.50
     2     0     2528.00     2318.00        0.50
     2     0     2536.00     2306.00        0.50
     2     0     2540.00     2294.00        0.50
     2     0     2548.00     2286.00        0.50
     2     0     2552.00     2274.00        0.50
     2     1     2532.00     1406.00        0.50
     2     1     2524.00     1398.00        0.50
     2     1     2520.00     1386.00        0.50
     2     1     2512.00     1378.00        0.50
     2     1     2508.00     1366.00        0.50
     2     1     2500.00     1358.00        0.50
     2     1     2496.00     1346.00        0.50
     2     1     2492.00     1334.00        0.50
     2     1     2484.00     1326.00        0.50
     2     1     2480.00     1314.00        0.50
     2     1     2472.00     1306.00        0.50
     2     1     2468.00     1294.00        0.50
     2     1     2460.00     1286.00        0.50
     2     1     2460.00     1274.00        0.50
     2     1     2452.00     1266.00        0.50
     2     1     2444.00     1254.00        0.50
     2     1     2440.00     1242.00        0.50
     2     1     2432.00     1234.00        0.50
     2     1     2424.00     1226.00        0.50
     2     1     2420.00     1214.00        0.50
     2     1     2412.00     1206.00        0.50
     2     1     2404.00     1198.00        0.50
     2     1     2396.00     1186.00        0.50
     2     1     2384.00     1182.00        0.50
     2     1     2376.00     1174.00        0.50
     2     1     2364.00     1166.00        0.50
     2     1     2360.00     1154.00        0.50
     2     1     2352.00     1146.00        0.50
     2     1     2348.00     1134.00        0.50
     2     1     2340.00     1126.00        0.50
     2     1     2336.00     1114.00        0.50
     2     1     2328.00     1102.00        0.50
     2     1     2324.00     1090.00        0.50
     2     1     2320.00     1078.00        0.50
     2     1     2316.00     1066.00        0.50
     2     1     2308.00     1054.00        0.50
     2     1     2304.00     1042.00        0.50
     2     1     2296.00     1034.00        0.50
     2     1     2292.00     1022.00        0.50
     2     1     2284.00     1010.00        0.50
     2     1     2280.00      998.00        0.50
     2     1     2272.00      990.00        0.50
     2     1     2264.00      982.00        0.50
     2     1     2256.00      974.00        0.50
     2     1     2248.00      966.00        0.50
     2     1     2236.00      962.00        0.50
     2     1     2228.00      954.00        0.50
     2     1     2216.00      950.00        0.50
     2     1     2208.00      942.00        0.50
     2     1     2200.00      934.00        0.50
     2     1     2192.00      926.00        0.50
     2     1     2180.00      922.00        0.50
     2     1     2168.00      918.00        0.50
     2     1     2160.00      910.00        0.50
     2     1     2152.00      902.00        0.50
     2     1     2140.00      894.00        0.50
     2     1     2128.00      890.00        0.50
     2     1     2120.00      882.00        0.50
     2     1     2108.00      878.00        0.50
     2     1     2100.00      870.00        0.50
     2     1     2092.00      862.00        0.50
     2     1     2080.00      858.00        0.50
     2     1     2072.00      850.00        0.50
     2     1     2060.00      846.00        0.50
     2     1     2052.00      838.00        0.50
     2     1     2044.00      830.00        0.50
     2     1     2032.00      822.00        0.50
     2     1     2020.00      814.00        0.50
     2     1     2008.00      806.00        0.50
     2     1     1996.00      802.00        0.50
     2     1     1988.00      794.00        0.50
     2     1     1980.00      786.00        0.50
     3     0     1704.00     2718.00        0.50
     3     0     1716.00     2722.00        0.50
     3     0     1728.00     2722.00        0.50
     3     0     1740.00     2726.00        0.50
     3     0     1752.00     2726.00        0.50
     3     0     1764.00     2726.00        0.50
     3     0     1776.00     2726.00        0.50
     3     0     1788.00     2726.00        0.50
     3     0     1800.00     2726.00        0.50
     3     0     1812.00     2726.00        0.50
     3     0     1824.00     2726.00        0.50
     3     0     1836.00     2726.00        0.50
     3     0     1848.00     2726.00        0.50
     3     0     1860.00     2726.00        0.50
     3     0     1872.00     2726.00        0.50
     3     0     1884.00     2726.00        0.50
     3     0     1896.00     2722.00        0.50
     3     0     1908.00     2722.00        0.50
     3     0     1920.00     2718.00        0.50
     3     0     1932.00     2718.00        0.50
     3     0     1944.00     2714.00        0.50
     3     0     1956.00     2714.00        0.50
     3     0     1968.00     2714.00        0.50
     3     0     1980.00     2714.00        0.50
     3     0     1992.00     2718.00        0.50
     3     0     2004.00     2718.00        0.50
     3     0     2016.00     2718.00        0.50
     3     0     2028.00     2718.00        0.50
     3     0     2040.00     2718.00        0.50
     3     0     2052.00     2718.00        0.50
     3     0     2064.00     2718.00        0.50
     3     0     2076.00     2718.00        0.50
     3     0     2088.00     2718.00        0.50
     3     0     2100.00     2718.00        0.50
     3     0     2112.00     2714.00        0.50
     3     0     2124.00     2714.00        0.50
     3     0     2136.00     2710.00        0.50
     3     0     2148.00     2706.00        0.50
     3     0     2160.00     2702.00        0.50
     3     0     2172.00     2698.00        0.50
     3     0     2184.00     2694.00        0.50
     3     0     2196.00     2690.00        0.50
     3     0     2208.00     2686.00        0.50
     3     0     2220.00     2682.00        0.50
     3     0     2232.00     2678.00        0.50
     3     0     2244.00     2670.00        0.50
     3     0     2252.00     2662.00        0.50
     3     0     2264.00     2658.00        0.50
     3     0     2272.00     2650.00        0.50
     3     0     2280.00     2642.00        0.50
     3     0     2288.00     2634.00        0.50
     3     0     2296.00     2626.00        0.50
     3     0     2304.00     2618.00        0.50
     3     0     2312.00     2610.00        0.50
     3     0     2320.00     2602.00        0.50
     3     0     2328.00     2594.00        0.50
     3     0     2336.00     2586.00        0.50
     3     0     2344.00     2578.00        0.50
     3     0     2352.00     2570.00        0.50
     3     0     2360.00     2562.00        0.50
     3     0     2368.00     2554.00        0.50
     3     0     2376.00     2546.00        0.50
     3     0     2380.00     2534.00        0.50
     3     0     2388.00     2526.00        0.50
     3     0     2392.00     2514.00        0.50
     3     0     2400.00     2506.00        0.50
     3     0     2404.00     2494.00        0.50
     3     0     2408.00     2482.00        0.50
     3     0     2416.00     2474.00        0.50
     3     0     2416.00     2462.00        0.50
     3     0     2424.00     2454.00        0.50
     3     0     2428.00     2442.00        0.50
     3     0     2432.00     2430.00        0.50
     3     0     2440.00     2422.00        0.50
     3     0     2444.00     2410.00        0.50
     3     0     2452.00     2402.00        0.50
     3     0     2456.00     2390.00        0.50
     3     0     2464.00     2378.00        0.50
     3     0     2472.00     2370.00        0.50
     3     0     2476.00     2358.00        0.50
     3     0     2480.00     2346.00        0.50
     3     0     2488.00     2338.00        0.50
     3     0     2492.00     2326.00        0.50
     3     0     2496.00     2314.00        0.50
     3     0     2504.00     2306.00        0.50
     3     0     2508.00     2294.00        0.50
     3     0     2512.00     2282.00        0.50
     3     0     2520.00     2274.00        0.50
     3     1     1952.00      802.00        0.50
     3     1     1964.00      810.00        0.50
     3     1     1976.00      814.00        0.50
     3     1     1984.00      822.00        0.50
     3     1     1996.00      826.00        0.50
     3     1     2004.00      834.00        0.50
     3     1     2016.00      838.00        0.50
     3     1     2024.00      846.00        0.50
     3     1     2036.00      854.00        0.50
     3     1     2048.00      862.00        0.50
     3     1     2060.00      870.00        0.50
     3     1     2068.00      878.00        0.50
     3     1     2080.00      882.00        0.50
     3     1     2092.00      890.00        0.50
     3     1     2104.00      894.00        0.50
     3     1     2112.00      902.00        0.50
     3     1     2124.00      906.00        0.50
     3     1     2132.00      914.00        0.50
     3     1     2140.00      922.00        0.50
     3     1     2148.00      930.00        0.50
     3     1     2160.00      934.00        0.50
     3     1     2168.00      942.00        0.50
     3     1     2176.00      950.00        0.50
     3     1     2184.00      958.00        0.50
     3     1     2192.00      966.00        0.50
     3     1     2200.00      978.00        0.50
     3     1     2208.00      986.00        0.50
     3     1     2216.00      994.00        0.50
     3     1     2224.00     1002.00        0.50
     3     1     2228.00     1014.00        0.50
     3     1     2236.00     1022.00        0.50
     3     1     2240.00     1034.00        0.50
     3     1     2248.00     1042.00        0.50
     3     1     2256.00     1050.00        0.50
     3     1     2264.00     1058.00        0.50
     3     1     2268.00     1070.00        0.50
     3     1     2276.00     1078.00        0.50
     3     1     2284.00     1090.00        0.50
     3     1     2292.00     1098.00        0.50
     3     1     2296.00     1110.00        0.50
     3     1     2304.00     1118.00        0.50
     3     1     2308.00     1130.00        0.50
     3     1     2316.00     1138.00        0.50
     3     1     2320.00     1150.00        0.50
     3     1     2324.00     1162.00        0.50
     3     1     2332.00     1170.00        0.50
     3     1     2336.00     1182.00        0.50
     3     1     2340.00     1194.00        0.50
     3     1     2348.00     1202.00        0.50
     3     1     2352.00     1214.00        0.50
     3     1     2360.00     1222.00        0.50
     3     1     2364.00     1234.00        0.50
     3     1     2372.00     1242.00        0.50
     3     1     2376.00     1254.00        0.50
     3     1     2384.00     1262.00        0.50
     3     1     2392.00     1270.00        0.50
     3     1     2396.00     1282.00        0.50
     3     1     2404.00     1294.00        0.50
     3     1     2412.00     1306.00        0.50
     3     1     2420.00     1314.00        0.50
     3     1     2424.00     1326.00        0.50
     3     1     2432.00     1334.00        0.50
     3     1     2436.00     1346.00        0.50
     3     1     2444.00     1354.00        0.50
     3     1     2452.00     1366.00        0.50
     3     1     2456.00     1378.00        0.50
     3     1     2464.00     1386.00        0.50
     3     1     2472.00     1394.00        0.50
     3     1     2476.00     1406.00        0.50
     3     1     2484.00     1414.00        0.50
     3     1     2492.00     1426.00        0.50
     3     1     2500.00     1434.00        0.50
     3     1     2508.00     1442.00        0.50
     3     1     2516.00     1454.00        0.50
     3     1     2524.00     1462.00        0.50
     3     1     2536.00     1466.00        0.50
