     0     0     2150.00     1281.00        0.50
     0     0     2150.00     1287.00        0.50
     0     0     2146.00     1291.00        0.50
     0     0     2144.00     1297.00        0.50
     0     0     2140.00     1301.00        0.50
     0     0     2136.00     1307.00        0.50
     0     0     2132.00     1313.00        0.50
     0     0     2128.00     1317.00        0.50
     0     0     2124.00     1323.00        0.50
     0     0     2120.00     1329.00        0.50
     0     0     2116.00     1333.00        0.50
     0     0     2114.00     1339.00        0.50
     0     0     2110.00     1343.00        0.50
     0     0     2108.00     1349.00        0.50
     0     0     2104.00     1355.00        0.50
     0     0     2102.00     1361.00        0.50
     0     0     2100.00     1367.00        0.50
     0     0     2098.00     1373.00        0.50
     0     0     2098.00     1379.00        0.50
     0     0     2098.00     1385.00        0.50
     0     0     2100.00     1391.00        0.50
     0     0     2102.00     1397.00        0.50
     0     0     2104.00     1403.00        0.50
     0     0     2106.00     1409.00        0.50
     0     0     2108.00     1415.00        0.50
     0     0     2112.00     1419.00        0.50
     0     0     2114.00     1425.00        0.50
     0     0     2118.00     1429.00        0.50
     0     0     2122.00     1433.00        0.50
     0     0     2126.00     1437.00        0.50
     0     0     2132.00     1439.00        0.50
     0     0     2138.00     1443.00        0.50
     0     0     2144.00     1445.00        0.50
     0     0     2150.00     1447.00        0.50
     0     0     2156.00     1447.00        0.50
     0     0     2162.00     1449.00        0.50
     0     0     2168.00     1449.00        0.50
     0     0     2174.00     1451.00        0.50
     0     0     2180.00     1451.00        0.50
     0     0     2186.00     1451.00        0.50
     0     0     2192.00     1451.00        0.50
     0     0     2198.00     1449.00        0.50
     0     0     2204.00     1449.00        0.50
     0     0     2210.00     1447.00        0.50
     0     0     2216.00     1447.00        0.50
     0     0     2222.00     1445.00        0.50
     0     0     2228.00     1445.00        0.50
     0     0     2234.00     1443.00        0.50
     0     0     2240.00     1441.00        0.50
     0     0     2246.00     1439.00        0.50
     0     0     2252.00     1437.00        0.50
     0     0     2258.00     1435.00        0.50
     0     0     2264.00     1431.00        0.50
     0     0     2270.00     1429.00        0.50
     0     0     2274.00     1425.00        0.50
     0     0     2278.00     1421.00        0.50
     0     0     2282.00     1417.00        0.50
     0     0     2286.00     1413.00        0.50
     0     0     2290.00     1409.00        0.50
     0     0     2294.00     1403.00        0.50
     0     0     2298.00     1399.00        0.50
     0     0     2302.00     1393.00        0.50
     0     0     2306.00     1389.00        0.50
     0     0     2308.00     1383.00        0.50
     0     0     2312.00     1379.00        0.50
     0     0     2316.00     1373.00        0.50
     0     0     2318.00     1367.00        0.50
     0     0     2320.00     1361.00        0.50
     0     0     2322.00     1355.00        0.50
     0     0     2324.00     1349.00        0.50
     0     0     2326.00     1343.00        0.50
     0     0     2326.00     1337.00        0.50
     0     0     2326.00     1331.00        0.50
     0     0     2322.00     1325.00        0.50
     0     0     2320.00     1319.00        0.50
     0     0     2318.00     1313.00        0.50
     0     0     2314.00     1309.00        0.50
     0     0     2310.00     1303.00        0.50
     0     0     2306.00     1297.00        0.50
     0     0     2302.00     1293.00        0.50
     0     0     2298.00     1289.00        0.50
     0     0     2294.00     1285.00        0.50
     0     0     2288.00     1281.00        0.50
     0     0     2282.00     1277.00        0.50
     0     0     2276.00     1275.00        0.50
     0     0     2270.00     1271.00        0.50
     0     0     2264.00     1269.00        0.50
     0     0     2258.00     1267.00        0.50
     0     0     2254.00     1263.00        0.50
     0     0     2248.00     1261.00        0.50
     0     0     2244.00     1257.00        0.50
     0     0     2240.00     1253.00        0.50
     0     0     2236.00     1249.00        0.50
     0     0     2234.00     1243.00        0.50
     0     0     2230.00     1239.00        0.50
     0     0     2230.00     1233.00        0.50
     1     0     2182.00     1301.00        0.50
     1     0     2174.00     1311.00        0.50
     1     0     2170.00     1315.00        0.50
     1     0     2168.00     1321.00        0.50
     1     0     2166.00     1327.00        0.50
     1     0     2164.00     1333.00        0.50
     1     0     2162.00     1339.00        0.50
     1     0     2160.00     1345.00        0.50
     1     0     2160.00     1351.00        0.50
     1     0     2160.00     1357.00        0.50
     1     0     2160.00     1363.00        0.50
     1     0     2162.00     1369.00        0.50
     1     0     2166.00     1373.00        0.50
     1     0     2170.00     1377.00        0.50
     1     0     2174.00     1381.00        0.50
     1     0     2180.00     1383.00        0.50
     1     0     2186.00     1385.00        0.50
     1     0     2192.00     1387.00        0.50
     1     0     2198.00     1389.00        0.50
     1     0     2204.00     1389.00        0.50
     1     0     2210.00     1389.00        0.50
     1     0     2216.00     1389.00        0.50
     1     0     2222.00     1387.00        0.50
     1     0     2228.00     1387.00        0.50
     1     0     2234.00     1383.00        0.50
     1     0     2240.00     1381.00        0.50
     1     0     2244.00     1377.00        0.50
     1     0     2248.00     1373.00        0.50
     1     0     2254.00     1371.00        0.50
     1     0     2258.00     1367.00        0.50
     1     0     2262.00     1363.00        0.50
     1     0     2266.00     1359.00        0.50
     1     0     2268.00     1353.00        0.50
     1     0     2270.00     1347.00        0.50
     1     0     2270.00     1341.00        0.50
     1     0     2270.00     1335.00        0.50
     1     0     2268.00     1329.00        0.50
     1     0     2266.00     1323.00        0.50
     1     0     2262.00     1319.00        0.50
     1     0     2258.00     1313.00        0.50
     1     0     2254.00     1309.00        0.50
     1     0     2250.00     1305.00        0.50
     1     0     2246.00     1301.00        0.50
     1     0     2240.00     1299.00        0.50
     1     0     2236.00     1295.00        0.50
     1     0     2230.00     1293.00        0.50
     1     0     2224.00     1291.00        0.50
     1     0     2218.00     1289.00        0.50
     1     0     2212.00     1289.00        0.50
     1     0     2206.00     1291.00        0.50
     1     0     2200.00     1291.00        0.50
     1     0     2196.00     1295.00        0.50
     1     0     2190.00     1297.00        0.50
     1     0     2184.00     1299.00        0.50
     2     0      810.00     1927.00        0.50
     2     0      822.00     1927.00        0.50
     2     0      828.00     1927.00        0.50
     2     0      834.00     1927.00        0.50
     2     0      840.00     1927.00        0.50
     2     0      846.00     1927.00        0.50
     2     0      852.00     1927.00        0.50
     2     0      858.00     1927.00        0.50
     2     0      864.00     1925.00        0.50
     2     0      868.00     1921.00        0.50
     2     0      872.00     1917.00        0.50
     2     0      876.00     1913.00        0.50
     2     0      880.00     1909.00        0.50
     2     0      884.00     1905.00        0.50
     2     0      888.00     1901.00        0.50
     2     0      894.00     1899.00        0.50
     2     0      900.00     1897.00        0.50
     2     0      906.00     1897.00        0.50
     2     0      912.00     1897.00        0.50
     2     0      918.00     1895.00        0.50
     2     0      922.00     1891.00        0.50
     2     0      926.00     1887.00        0.50
     2     0      930.00     1883.00        0.50
     2     0      932.00     1877.00        0.50
     2     0      934.00     1871.00        0.50
     2     0      938.00     1865.00        0.50
     2     0      940.00     1859.00        0.50
     2     0      944.00     1853.00        0.50
     2     0      946.00     1847.00        0.50
     2     0      950.00     1841.00        0.50
     2     0      952.00     1835.00        0.50
     2     0      956.00     1831.00        0.50
     2     0      958.00     1825.00        0.50
     2     0      962.00     1819.00        0.50
     2     0      966.00     1815.00        0.50
     2     0      970.00     1809.00        0.50
     2     0      974.00     1805.00        0.50
     2     0      978.00     1801.00        0.50
     2     0      982.00     1797.00        0.50
     2     0      986.00     1793.00        0.50
     2     0      990.00     1789.00        0.50
     2     0      994.00     1785.00        0.50
     2     0      998.00     1781.00        0.50
     2     0     1002.00     1777.00        0.50
     2     0     1006.00     1773.00        0.50
     2     0     1008.00     1767.00        0.50
     2     0     1012.00     1763.00        0.50
     2     0     1016.00     1759.00        0.50
     2     0     1020.00     1753.00        0.50
     2     0     1024.00     1749.00        0.50
     2     0     1030.00     1747.00        0.50
     2     0     1034.00     1743.00        0.50
     2     0     1038.00     1739.00        0.50
     2     0     1042.00     1735.00        0.50
     2     0     1048.00     1731.00        0.50
     2     0     1052.00     1727.00        0.50
     2     0     1056.00     1723.00        0.50
     2     0     1060.00     1719.00        0.50
     2     0     1064.00     1715.00        0.50
     2     0     1070.00     1711.00        0.50
     2     0     1074.00     1707.00        0.50
     2     0     1078.00     1703.00        0.50
     2     0     1082.00     1699.00        0.50
     2     0     1086.00     1695.00        0.50
     2     0     1092.00     1691.00        0.50
     2     0     1098.00     1691.00        0.50
     2     0     1104.00     1689.00        0.50
     2     0     1110.00     1687.00        0.50
     2     0     1116.00     1685.00        0.50
     2     0     1122.00     1685.00        0.50
     2     0     1128.00     1685.00        0.50
     2     0     1134.00     1683.00        0.50
     2     0     1142.00     1683.00        0.50
     2     0     1148.00     1681.00        0.50
     2     0     1156.00     1681.00        0.50
     2     0     1164.00     1679.00        0.50
     2     0     1172.00     1677.00        0.50
     2     0     1180.00     1673.00        0.50
     2     0     1192.00     1671.00        0.50
     2     0     1202.00     1669.00        0.50
     2     0     1210.00     1669.00        0.50
     2     0     1218.00     1667.00        0.50
     2     0     1224.00     1665.00        0.50
     2     0     1230.00     1665.00        0.50
     2     0     1236.00     1663.00        0.50
     2     0     1242.00     1661.00        0.50
     2     0     1248.00     1659.00        0.50
     2     0     1254.00     1657.00        0.50
     2     0     1260.00     1655.00        0.50
     2     0     1266.00     1651.00        0.50
     2     0     1270.00     1647.00        0.50
     2     0     1276.00     1645.00        0.50
     2     0     1278.00     1639.00        0.50
     2     0     1280.00     1633.00        0.50
     2     0     1284.00     1629.00        0.50
     2     0     1288.00     1625.00        0.50
     2     0     1292.00     1619.00        0.50
     2     0     1296.00     1615.00        0.50
     2     0     1302.00     1615.00        0.50
     2     0     1308.00     1617.00        0.50
     2     0     1314.00     1615.00        0.50
     2     0     1318.00     1611.00        0.50
     2     0     1322.00     1607.00        0.50
     2     0     1326.00     1601.00        0.50
     2     0     1330.00     1597.00        0.50
     2     0     1334.00     1593.00        0.50
     2     0     1340.00     1591.00        0.50
     2     0     1346.00     1589.00        0.50
     2     0     1352.00     1587.00        0.50
     2     0     1358.00     1585.00        0.50
     2     0     1362.00     1581.00        0.50
     2     0     1368.00     1577.00        0.50
     2     0     1374.00     1575.00        0.50
     2     0     1380.00     1575.00        0.50
     2     0     1386.00     1573.00        0.50
     2     0     1392.00     1573.00        0.50
     2     0     1390.00     1579.00        0.50
     2     0     1402.00     1565.00        0.50
     2     0     1412.00     1559.00        0.50
     2     0     1418.00     1555.00        0.50
     2     0     1424.00     1553.00        0.50
     2     0     1430.00     1549.00        0.50
     2     0     1436.00     1547.00        0.50
     2     0     1442.00     1543.00        0.50
     2     0     1448.00     1543.00        0.50
     2     0     1454.00     1539.00        0.50
     2     0     1460.00     1537.00        0.50
     2     0     1466.00     1535.00        0.50
     2     0     1472.00     1533.00        0.50
     2     0     1476.00     1529.00        0.50
     2     0     1482.00     1527.00        0.50
     2     0     1486.00     1523.00        0.50
     2     0     1492.00     1521.00        0.50
     2     0     1496.00     1517.00        0.50
     2     0     1502.00     1515.00        0.50
     2     0     1508.00     1511.00        0.50
     2     0     1514.00     1509.00        0.50
     2     0     1520.00     1507.00        0.50
     2     0     1526.00     1507.00        0.50
     2     0     1532.00     1507.00        0.50
     2     0     1538.00     1507.00        0.50
     2     0     1544.00     1507.00        0.50
     2     0     1550.00     1507.00        0.50
     2     0     1556.00     1507.00        0.50
     2     0     1562.00     1505.00        0.50
     2     0     1568.00     1503.00        0.50
     2     0     1574.00     1501.00        0.50
     2     0     1580.00     1499.00        0.50
     2     0     1584.00     1495.00        0.50
     2     0     1590.00     1493.00        0.50
     2     0     1594.00     1489.00        0.50
     2     0     1598.00     1485.00        0.50
     2     0     1602.00     1481.00        0.50
     2     0     1606.00     1477.00        0.50
     2     0     1610.00     1473.00        0.50
     2     0     1614.00     1469.00        0.50
     2     0     1618.00     1465.00        0.50
     2     0     1622.00     1461.00        0.50
     2     0     1626.00     1453.00        0.50
     2     0     1630.00     1449.00        0.50
     2     0     1634.00     1445.00        0.50
     2     0     1638.00     1441.00        0.50
     2     0     1642.00     1437.00        0.50
     2     0     1646.00     1433.00        0.50
     2     0     1650.00     1429.00        0.50
     2     0     1654.00     1425.00        0.50
     2     0     1660.00     1421.00        0.50
     2     0     1666.00     1417.00        0.50
     2     0     1672.00     1413.00        0.50
     2     0     1680.00     1409.00        0.50
     2     0     1686.00     1405.00        0.50
     2     0     1692.00     1399.00        0.50
     2     0     1698.00     1395.00        0.50
     2     0     1704.00     1391.00        0.50
     2     0     1710.00     1387.00        0.50
     2     0     1716.00     1385.00        0.50
     2     0     1720.00     1381.00        0.50
     2     0     1726.00     1379.00        0.50
     2     0     1730.00     1375.00        0.50
     2     0     1736.00     1373.00        0.50
     2     0     1742.00     1371.00        0.50
     2     0     1748.00     1371.00        0.50
     2     0     1754.00     1369.00        0.50
     2     0     1760.00     1367.00        0.50
     2     0     1766.00     1367.00        0.50
     2     0     1772.00     1367.00        0.50
     2     0     1778.00     1365.00        0.50
     2     0     1784.00     1363.00        0.50
     2     0     1790.00     1359.00        0.50
     2     0     1796.00     1357.00        0.50
     2     0     1802.00     1353.00        0.50
     2     0     1808.00     1351.00        0.50
     2     0     1812.00     1347.00        0.50
     2     0     1818.00     1345.00        0.50
     2     0     1824.00     1343.00        0.50
     2     0     1830.00     1341.00        0.50
     2     0     1836.00     1341.00        0.50
     2     0     1842.00     1341.00        0.50
     2     0     1848.00     1339.00        0.50
     2     0     1854.00     1339.00        0.50
     2     0     1860.00     1337.00        0.50
     2     0     1866.00     1335.00        0.50
     2     0     1872.00     1333.00        0.50
     2     0     1878.00     1331.00        0.50
     2     0     1884.00     1329.00        0.50
     2     0     1892.00     1325.00        0.50
     2     0     1900.00     1321.00        0.50
     2     0     1906.00     1319.00        0.50
     2     0     1914.00     1313.00        0.50
     2     0     1922.00     1309.00        0.50
     2     0     1928.00     1307.00        0.50
     2     0     1934.00     1305.00        0.50
     2     0     1938.00     1301.00        0.50
     2     0     1944.00     1299.00        0.50
     2     0     1950.00     1297.00        0.50
     2     0     1958.00     1293.00        0.50
     2     0     1970.00     1287.00        0.50
     2     0     1978.00     1283.00        0.50
     2     0     1986.00     1281.00        0.50
     2     0     1994.00     1277.00        0.50
     2     0     2000.00     1275.00        0.50
     2     0     2006.00     1273.00        0.50
     2     0     2012.00     1271.00        0.50
     2     0     2018.00     1269.00        0.50
     2     0     2026.00     1267.00        0.50
     2     0     2032.00     1267.00        0.50
     2     0     2036.00     1263.00        0.50
     2     0     2042.00     1261.00        0.50
     2     0     2046.00     1255.00        0.50
     2     0     2050.00     1251.00        0.50
     2     0     2054.00     1247.00        0.50
     2     0     2058.00     1243.00        0.50
     2     0     2064.00     1241.00        0.50
     2     0     2070.00     1239.00        0.50
     2     0     2076.00     1237.00        0.50
     2     0     2082.00     1235.00        0.50
     2     0     2088.00     1235.00        0.50
     2     0     2094.00     1233.00        0.50
     2     0     2102.00     1233.00        0.50
     2     0     2108.00     1233.00        0.50
     2     0     2114.00     1233.00        0.50
     2     0     2120.00     1233.00        0.50
     2     0     2126.00     1235.00        0.50
     2     0     2132.00     1237.00        0.50
     3     0      796.00     1899.00        0.50
     3     0      806.00     1895.00        0.50
     3     0      812.00     1893.00        0.50
     3     0      818.00     1889.00        0.50
     3     0      824.00     1889.00        0.50
     3     0      830.00     1887.00        0.50
     3     0      836.00     1885.00        0.50
     3     0      842.00     1885.00        0.50
     3     0      848.00     1883.00        0.50
     3     0      854.00     1883.00        0.50
     3     0      860.00     1883.00        0.50
     3     0      866.00     1881.00        0.50
     3     0      872.00     1881.00        0.50
     3     0      878.00     1877.00        0.50
     3     0      884.00     1875.00        0.50
     3     0      888.00     1871.00        0.50
     3     0      892.00     1867.00        0.50
     3     0      896.00     1863.00        0.50
     3     0      900.00     1859.00        0.50
     3     0      906.00     1857.00        0.50
     3     0      910.00     1853.00        0.50
     3     0      914.00     1849.00        0.50
     3     0      918.00     1843.00        0.50
     3     0      920.00     1837.00        0.50
     3     0      924.00     1831.00        0.50
     3     0      926.00     1825.00        0.50
     3     0      928.00     1819.00        0.50
     3     0      930.00     1813.00        0.50
     3     0      932.00     1807.00        0.50
     3     0      936.00     1801.00        0.50
     3     0      936.00     1795.00        0.50
     3     0      940.00     1791.00        0.50
     3     0      942.00     1785.00        0.50
     3     0      946.00     1779.00        0.50
     3     0      950.00     1773.00        0.50
     3     0      954.00     1769.00        0.50
     3     0      958.00     1763.00        0.50
     3     0      962.00     1759.00        0.50
     3     0      968.00     1757.00        0.50
     3     0      972.00     1753.00        0.50
     3     0      978.00     1751.00        0.50
     3     0      982.00     1747.00        0.50
     3     0      988.00     1745.00        0.50
     3     0      994.00     1743.00        0.50
     3     0     1000.00     1741.00        0.50
     3     0     1004.00     1735.00        0.50
     3     0     1008.00     1731.00        0.50
     3     0     1010.00     1725.00        0.50
     3     0     1014.00     1721.00        0.50
     3     0     1018.00     1717.00        0.50
     3     0     1022.00     1713.00        0.50
     3     0     1026.00     1709.00        0.50
     3     0     1030.00     1705.00        0.50
     3     0     1034.00     1701.00        0.50
     3     0     1038.00     1697.00        0.50
     3     0     1042.00     1693.00        0.50
     3     0     1046.00     1689.00        0.50
     3     0     1050.00     1685.00        0.50
     3     0     1054.00     1681.00        0.50
     3     0     1058.00     1677.00        0.50
     3     0     1062.00     1673.00        0.50
     3     0     1068.00     1669.00        0.50
     3     0     1074.00     1665.00        0.50
     3     0     1080.00     1663.00        0.50
     3     0     1086.00     1661.00        0.50
     3     0     1092.00     1659.00        0.50
     3     0     1098.00     1657.00        0.50
     3     0     1106.00     1655.00        0.50
     3     0     1112.00     1655.00        0.50
     3     0     1118.00     1653.00        0.50
     3     0     1124.00     1651.00        0.50
     3     0     1132.00     1649.00        0.50
     3     0     1138.00     1647.00        0.50
     3     0     1144.00     1647.00        0.50
     3     0     1152.00     1645.00        0.50
     3     0     1158.00     1643.00        0.50
     3     0     1166.00     1643.00        0.50
     3     0     1172.00     1641.00        0.50
     3     0     1178.00     1639.00        0.50
     3     0     1184.00     1639.00        0.50
     3     0     1192.00     1637.00        0.50
     3     0     1200.00     1635.00        0.50
     3     0     1206.00     1633.00        0.50
     3     0     1212.00     1631.00        0.50
     3     0     1220.00     1629.00        0.50
     3     0     1226.00     1627.00        0.50
     3     0     1232.00     1625.00        0.50
     3     0     1238.00     1621.00        0.50
     3     0     1244.00     1619.00        0.50
     3     0     1248.00     1615.00        0.50
     3     0     1252.00     1611.00        0.50
     3     0     1256.00     1607.00        0.50
     3     0     1260.00     1603.00        0.50
     3     0     1264.00     1599.00        0.50
     3     0     1270.00     1597.00        0.50
     3     0     1272.00     1591.00        0.50
     3     0     1278.00     1589.00        0.50
     3     0     1284.00     1585.00        0.50
     3     0     1290.00     1583.00        0.50
     3     0     1296.00     1579.00        0.50
     3     0     1302.00     1579.00        0.50
     3     0     1308.00     1577.00        0.50
     3     0     1314.00     1577.00        0.50
     3     0     1320.00     1577.00        0.50
     3     0     1326.00     1575.00        0.50
     3     0     1332.00     1573.00        0.50
     3     0     1338.00     1571.00        0.50
     3     0     1344.00     1569.00        0.50
     3     0     1348.00     1565.00        0.50
     3     0     1354.00     1563.00        0.50
     3     0     1358.00     1559.00        0.50
     3     0     1364.00     1557.00        0.50
     3     0     1368.00     1553.00        0.50
     3     0     1374.00     1551.00        0.50
     3     0     1378.00     1547.00        0.50
     3     0     1384.00     1543.00        0.50
     3     0     1390.00     1539.00        0.50
     3     0     1396.00     1537.00        0.50
     3     0     1400.00     1533.00        0.50
     3     0     1404.00     1529.00        0.50
     3     0     1410.00     1527.00        0.50
     3     0     1414.00     1523.00        0.50
     3     0     1418.00     1519.00        0.50
     3     0     1422.00     1515.00        0.50
     3     0     1426.00     1511.00        0.50
     3     0     1432.00     1507.00        0.50
     3     0     1436.00     1503.00        0.50
     3     0     1440.00     1499.00        0.50
     3     0     1444.00     1495.00        0.50
     3     0     1450.00     1493.00        0.50
     3     0     1456.00     1491.00        0.50
     3     0     1462.00     1489.00        0.50
     3     0     1468.00     1487.00        0.50
     3     0     1474.00     1487.00        0.50
     3     0     1480.00     1487.00        0.50
     3     0     1486.00     1487.00        0.50
     3     0     1492.00     1487.00        0.50
     3     0     1498.00     1487.00        0.50
     3     0     1504.00     1487.00        0.50
     3     0     1510.00     1487.00        0.50
     3     0     1516.00     1487.00        0.50
     3     0     1522.00     1487.00        0.50
     3     0     1528.00     1487.00        0.50
     3     0     1534.00     1489.00        0.50
     3     0     1540.00     1489.00        0.50
     3     0     1546.00     1489.00        0.50
     3     0     1552.00     1489.00        0.50
     3     0     1558.00     1489.00        0.50
     3     0     1564.00     1487.00        0.50
     3     0     1570.00     1485.00        0.50
     3     0     1576.00     1483.00        0.50
     3     0     1582.00     1481.00        0.50
     3     0     1604.00     1437.00        0.50
     3     0     1612.00     1433.00        0.50
     3     0     1616.00     1429.00        0.50
     3     0     1622.00     1425.00        0.50
     3     0     1628.00     1423.00        0.50
     3     0     1632.00     1419.00        0.50
     3     0     1638.00     1417.00        0.50
     3     0     1642.00     1413.00        0.50
     3     0     1648.00     1411.00        0.50
     3     0     1652.00     1407.00        0.50
     3     0     1658.00     1405.00        0.50
     3     0     1664.00     1401.00        0.50
     3     0     1670.00     1397.00        0.50
     3     0     1676.00     1393.00        0.50
     3     0     1682.00     1389.00        0.50
     3     0     1686.00     1385.00        0.50
     3     0     1692.00     1383.00        0.50
     3     0     1696.00     1379.00        0.50
     3     0     1700.00     1375.00        0.50
     3     0     1704.00     1371.00        0.50
     3     0     1708.00     1367.00        0.50
     3     0     1714.00     1365.00        0.50
     3     0     1718.00     1361.00        0.50
     3     0     1722.00     1357.00        0.50
     3     0     1728.00     1353.00        0.50
     3     0     1732.00     1349.00        0.50
     3     0     1738.00     1347.00        0.50
     3     0     1742.00     1343.00        0.50
     3     0     1748.00     1339.00        0.50
     3     0     1754.00     1337.00        0.50
     3     0     1758.00     1333.00        0.50
     3     0     1764.00     1331.00        0.50
     3     0     1770.00     1329.00        0.50
     3     0     1776.00     1325.00        0.50
     3     0     1782.00     1323.00        0.50
     3     0     1788.00     1319.00        0.50
     3     0     1794.00     1317.00        0.50
     3     0     1800.00     1315.00        0.50
     3     0     1806.00     1313.00        0.50
     3     0     1812.00     1311.00        0.50
     3     0     1818.00     1311.00        0.50
     3     0     1824.00     1309.00        0.50
     3     0     1830.00     1307.00        0.50
     3     0     1836.00     1305.00        0.50
     3     0     1842.00     1303.00        0.50
     3     0     1848.00     1301.00        0.50
     3     0     1856.00     1299.00        0.50
     3     0     1862.00     1297.00        0.50
     3     0     1868.00     1295.00        0.50
     3     0     1874.00     1293.00        0.50
     3     0     1880.00     1291.00        0.50
     3     0     1886.00     1291.00        0.50
     3     0     1892.00     1289.00        0.50
     3     0     1898.00     1285.00        0.50
     3     0     1904.00     1283.00        0.50
     3     0     1910.00     1281.00        0.50
     3     0     1916.00     1279.00        0.50
     3     0     1922.00     1277.00        0.50
     3     0     1930.00     1271.00        0.50
     3     0     1936.00     1269.00        0.50
     3     0     1942.00     1267.00        0.50
     3     0     1948.00     1263.00        0.50
     3     0     1954.00     1261.00        0.50
     3     0     1960.00     1257.00        0.50
     3     0     1966.00     1253.00        0.50
     3     0     1972.00     1251.00        0.50
     3     0     1976.00     1247.00        0.50
     3     0     1982.00     1245.00        0.50
     3     0     1988.00     1243.00        0.50
     3     0     1994.00     1239.00        0.50
     3     0     2000.00     1237.00        0.50
     3     0     2006.00     1235.00        0.50
     3     0     2012.00     1233.00        0.50
     3     0     2018.00     1229.00        0.50
     3     0     2024.00     1227.00        0.50
     3     0     2030.00     1223.00        0.50
     3     0     2036.00     1219.00        0.50
     3     0     2040.00     1215.00        0.50
     3     0     2044.00     1211.00        0.50
     3     0     2050.00     1209.00        0.50
     3     0     2054.00     1205.00        0.50
     3     0     2060.00     1203.00        0.50
     3     0     2066.00     1199.00        0.50
     3     0     2074.00     1195.00        0.50
     3     0     2080.00     1193.00        0.50
     3     0     2086.00     1193.00        0.50
     3     0     2092.00     1193.00        0.50
     3     0     2098.00     1191.00        0.50
     3     0     2104.00     1191.00        0.50
     3     0     2110.00     1191.00        0.50
     3     0     2116.00     1193.00        0.50
     3     0     2122.00     1195.00        0.50
     3     0     2128.00     1195.00        0.50
     3     0     2134.00     1197.00        0.50
     3     0     2140.00     1201.00        0.50
