     0     0     1828.00     2459.00        0.50
     0     0     1832.00     2455.00        0.50
     0     0     1836.00     2451.00        0.50
     0     0     1840.00     2445.00        0.50
     0     0     1844.00     2441.00        0.50
     0     0     1848.00     2437.00        0.50
     0     0     1852.00     2433.00        0.50
     0     0     1856.00     2429.00        0.50
     0     0     1862.00     2427.00        0.50
     0     0     1866.00     2423.00        0.50
     0     0     1872.00     2421.00        0.50
     0     0     1876.00     2417.00        0.50
     0     0     1882.00     2415.00        0.50
     0     0     1888.00     2413.00        0.50
     0     0     1894.00     2409.00        0.50
     0     0     1900.00     2407.00        0.50
     0     0     1906.00     2407.00        0.50
     0     0     1912.00     2405.00        0.50
     0     0     1918.00     2403.00        0.50
     0     0     1924.00     2401.00        0.50
     0     0     1930.00     2401.00        0.50
     0     0     1936.00     2401.00        0.50
     0     0     1942.00     2401.00        0.50
     0     0     1948.00     2401.00        0.50
     0     0     1954.00     2401.00        0.50
     0     0     1960.00     2401.00        0.50
     0     0     1966.00     2403.00        0.50
     0     0     1972.00     2405.00        0.50
     0     0     1976.00     2409.00        0.50
     0     0     1982.00     2411.00        0.50
     0     0     1986.00     2415.00        0.50
     0     0     1992.00     2419.00        0.50
     0     0     1996.00     2423.00        0.50
     0     0     2000.00     2427.00        0.50
     0     0     2004.00     2431.00        0.50
     0     0     2008.00     2435.00        0.50
     0     0     2010.00     2441.00        0.50
     0     0     2012.00     2447.00        0.50
     0     0     2014.00     2453.00        0.50
     0     0     2016.00     2459.00        0.50
     0     0     2018.00     2465.00        0.50
     0     0     2020.00     2471.00        0.50
     0     0     2020.00     2477.00        0.50
     0     0     2020.00     2483.00        0.50
     0     0     2020.00     2489.00        0.50
     0     0     2020.00     2495.00        0.50
     0     0     2018.00     2501.00        0.50
     0     0     2018.00     2507.00        0.50
     0     0     2016.00     2513.00        0.50
     0     0     2016.00     2519.00        0.50
     0     0     2014.00     2525.00        0.50
     0     0     2014.00     2531.00        0.50
     0     0     2012.00     2537.00        0.50
     0     0     2010.00     2543.00        0.50
     0     0     2008.00     2549.00        0.50
     0     0     2004.00     2555.00        0.50
     0     0     2002.00     2561.00        0.50
     0     0     1998.00     2565.00        0.50
     0     0     1994.00     2571.00        0.50
     0     0     1992.00     2577.00        0.50
     0     0     1988.00     2581.00        0.50
     0     0     1984.00     2585.00        0.50
     0     0     1980.00     2589.00        0.50
     0     0     1976.00     2593.00        0.50
     0     0     1970.00     2597.00        0.50
     0     0     1966.00     2601.00        0.50
     0     0     1960.00     2603.00        0.50
     0     0     1954.00     2607.00        0.50
     0     0     1948.00     2609.00        0.50
     0     0     1942.00     2609.00        0.50
     0     0     1936.00     2609.00        0.50
     0     0     1930.00     2609.00        0.50
     0     0     1924.00     2609.00        0.50
     0     0     1918.00     2609.00        0.50
     0     0     1912.00     2609.00        0.50
     0     0     1904.00     2607.00        0.50
     0     0     1898.00     2605.00        0.50
     0     0     1892.00     2605.00        0.50
     0     0     1886.00     2603.00        0.50
     0     0     1880.00     2601.00        0.50
     0     0     1876.00     2597.00        0.50
     0     0     1870.00     2595.00        0.50
     0     0     1866.00     2591.00        0.50
     0     0     1862.00     2587.00        0.50
     0     0     1858.00     2583.00        0.50
     0     0     1854.00     2579.00        0.50
     0     0     1852.00     2573.00        0.50
     0     0     1848.00     2567.00        0.50
     0     0     1844.00     2561.00        0.50
     0     0     1840.00     2555.00        0.50
     0     0     1838.00     2549.00        0.50
     0     0     1836.00     2543.00        0.50
     0     0     1832.00     2537.00        0.50
     0     0     1830.00     2531.00        0.50
     0     0     1830.00     2525.00        0.50
     0     0     1828.00     2519.00        0.50
     0     0     1828.00     2513.00        0.50
     0     0     1826.00     2507.00        0.50
     0     0     1826.00     2501.00        0.50
     0     0     1826.00     2495.00        0.50
     0     0     1826.00     2489.00        0.50
     0     1     2198.00     2323.00        0.50
     0     1     2202.00     2327.00        0.50
     0     1     2206.00     2331.00        0.50
     0     1     2210.00     2335.00        0.50
     0     1     2216.00     2339.00        0.50
     0     1     2222.00     2343.00        0.50
     0     1     2228.00     2345.00        0.50
     0     1     2232.00     2349.00        0.50
     0     1     2238.00     2353.00        0.50
     0     1     2244.00     2357.00        0.50
     0     1     2250.00     2359.00        0.50
     0     1     2254.00     2363.00        0.50
     0     1     2260.00     2365.00        0.50
     0     1     2266.00     2369.00        0.50
     0     1     2270.00     2373.00        0.50
     0     1     2276.00     2375.00        0.50
     0     1     2280.00     2379.00        0.50
     0     1     2284.00     2383.00        0.50
     0     1     2288.00     2387.00        0.50
     0     1     2292.00     2391.00        0.50
     0     1     2296.00     2395.00        0.50
     0     1     2298.00     2401.00        0.50
     0     1     2302.00     2405.00        0.50
     0     1     2304.00     2411.00        0.50
     0     1     2306.00     2417.00        0.50
     0     1     2308.00     2423.00        0.50
     0     1     2310.00     2429.00        0.50
     0     1     2312.00     2435.00        0.50
     0     1     2312.00     2441.00        0.50
     0     1     2314.00     2447.00        0.50
     0     1     2314.00     2453.00        0.50
     0     1     2316.00     2459.00        0.50
     0     1     2316.00     2465.00        0.50
     0     1     2316.00     2471.00        0.50
     0     1     2316.00     2477.00        0.50
     0     1     2316.00     2483.00        0.50
     0     1     2316.00     2489.00        0.50
     0     1     2316.00     2495.00        0.50
     0     1     2316.00     2501.00        0.50
     0     1     2314.00     2507.00        0.50
     0     1     2314.00     2513.00        0.50
     0     1     2312.00     2519.00        0.50
     0     1     2308.00     2527.00        0.50
     0     1     2306.00     2533.00        0.50
     0     1     2302.00     2537.00        0.50
     0     1     2298.00     2543.00        0.50
     0     1     2294.00     2547.00        0.50
     0     1     2290.00     2551.00        0.50
     0     1     2286.00     2555.00        0.50
     0     1     2282.00     2559.00        0.50
     0     1     2276.00     2563.00        0.50
     0     1     2272.00     2567.00        0.50
     0     1     2266.00     2569.00        0.50
     0     1     2262.00     2573.00        0.50
     0     1     2256.00     2575.00        0.50
     0     1     2250.00     2575.00        0.50
     0     1     2244.00     2577.00        0.50
     0     1     2238.00     2579.00        0.50
     0     1     2232.00     2579.00        0.50
     0     1     2224.00     2581.00        0.50
     0     1     2216.00     2581.00        0.50
     0     1     2206.00     2581.00        0.50
     0     1     2196.00     2581.00        0.50
     0     1     2188.00     2581.00        0.50
     0     1     2178.00     2581.00        0.50
     0     1     2170.00     2581.00        0.50
     0     1     2164.00     2579.00        0.50
     0     1     2156.00     2577.00        0.50
     0     1     2150.00     2577.00        0.50
     0     1     2142.00     2575.00        0.50
     0     1     2136.00     2573.00        0.50
     0     1     2130.00     2571.00        0.50
     0     1     2124.00     2569.00        0.50
     0     1     2120.00     2565.00        0.50
     0     1     2114.00     2563.00        0.50
     0     1     2110.00     2559.00        0.50
     0     1     2106.00     2555.00        0.50
     0     1     2102.00     2551.00        0.50
     0     1     2098.00     2547.00        0.50
     0     1     2092.00     2541.00        0.50
     0     1     2088.00     2535.00        0.50
     0     1     2084.00     2529.00        0.50
     0     1     2082.00     2523.00        0.50
     0     1     2078.00     2517.00        0.50
     0     1     2076.00     2511.00        0.50
     0     1     2072.00     2505.00        0.50
     0     1     2070.00     2499.00        0.50
     0     1     2070.00     2493.00        0.50
     0     1     2068.00     2485.00        0.50
     0     1     2068.00     2479.00        0.50
     0     1     2066.00     2471.00        0.50
     0     1     2066.00     2463.00        0.50
     0     1     2066.00     2457.00        0.50
     0     1     2066.00     2451.00        0.50
     0     1     2066.00     2445.00        0.50
     0     1     2066.00     2437.00        0.50
     0     1     2066.00     2429.00        0.50
     0     1     2066.00     2423.00        0.50
     0     1     2068.00     2415.00        0.50
     0     1     2068.00     2409.00        0.50
     0     1     2070.00     2403.00        0.50
     0     1     2070.00     2397.00        0.50
     0     1     2070.00     2391.00        0.50
     0     1     2070.00     2385.00        0.50
     0     1     2070.00     2379.00        0.50
     0     1     2068.00     2373.00        0.50
     0     1     2068.00     2367.00        0.50
     0     1     2066.00     2361.00        0.50
     1     0     1956.00     2561.00        0.50
     1     0     1946.00     2563.00        0.50
     1     0     1940.00     2563.00        0.50
     1     0     1934.00     2565.00        0.50
     1     0     1928.00     2565.00        0.50
     1     0     1922.00     2565.00        0.50
     1     0     1916.00     2565.00        0.50
     1     0     1910.00     2565.00        0.50
     1     0     1904.00     2565.00        0.50
     1     0     1898.00     2565.00        0.50
     1     0     1892.00     2565.00        0.50
     1     0     1886.00     2563.00        0.50
     1     0     1880.00     2561.00        0.50
     1     0     1874.00     2557.00        0.50
     1     0     1870.00     2553.00        0.50
     1     0     1866.00     2549.00        0.50
     1     0     1862.00     2545.00        0.50
     1     0     1858.00     2541.00        0.50
     1     0     1856.00     2535.00        0.50
     1     0     1852.00     2529.00        0.50
     1     0     1852.00     2523.00        0.50
     1     0     1850.00     2517.00        0.50
     1     0     1850.00     2511.00        0.50
     1     0     1850.00     2505.00        0.50
     1     0     1852.00     2499.00        0.50
     1     0     1854.00     2493.00        0.50
     1     0     1856.00     2487.00        0.50
     1     0     1858.00     2481.00        0.50
     1     0     1862.00     2477.00        0.50
     1     0     1864.00     2471.00        0.50
     1     0     1868.00     2467.00        0.50
     1     0     1872.00     2463.00        0.50
     1     0     1876.00     2459.00        0.50
     1     0     1880.00     2453.00        0.50
     1     0     1884.00     2449.00        0.50
     1     0     1890.00     2447.00        0.50
     1     0     1896.00     2443.00        0.50
     1     0     1902.00     2441.00        0.50
     1     0     1908.00     2439.00        0.50
     1     0     1914.00     2439.00        0.50
     1     0     1920.00     2439.00        0.50
     1     0     1926.00     2439.00        0.50
     1     0     1932.00     2439.00        0.50
     1     0     1938.00     2439.00        0.50
     1     0     1944.00     2441.00        0.50
     1     0     1950.00     2443.00        0.50
     1     0     1954.00     2447.00        0.50
     1     0     1958.00     2451.00        0.50
     1     0     1962.00     2455.00        0.50
     1     0     1966.00     2461.00        0.50
     1     0     1968.00     2467.00        0.50
     1     0     1972.00     2471.00        0.50
     1     0     1974.00     2477.00        0.50
     1     0     1976.00     2483.00        0.50
     1     0     1978.00     2489.00        0.50
     1     0     1980.00     2495.00        0.50
     1     0     1980.00     2501.00        0.50
     1     0     1982.00     2507.00        0.50
     1     0     1982.00     2513.00        0.50
     1     0     1982.00     2519.00        0.50
     1     0     1982.00     2525.00        0.50
     1     0     1980.00     2531.00        0.50
     1     0     1978.00     2537.00        0.50
     1     0     1974.00     2541.00        0.50
     1     0     1972.00     2547.00        0.50
     1     0     1968.00     2551.00        0.50
     1     1     2108.00     2387.00        0.50
     1     1     2108.00     2397.00        0.50
     1     1     2108.00     2403.00        0.50
     1     1     2108.00     2409.00        0.50
     1     1     2108.00     2415.00        0.50
     1     1     2108.00     2421.00        0.50
     1     1     2108.00     2427.00        0.50
     1     1     2108.00     2433.00        0.50
     1     1     2106.00     2439.00        0.50
     1     1     2106.00     2445.00        0.50
     1     1     2106.00     2451.00        0.50
     1     1     2108.00     2457.00        0.50
     1     1     2108.00     2463.00        0.50
     1     1     2108.00     2469.00        0.50
     1     1     2110.00     2475.00        0.50
     1     1     2112.00     2481.00        0.50
     1     1     2114.00     2487.00        0.50
     1     1     2116.00     2493.00        0.50
     1     1     2120.00     2499.00        0.50
     1     1     2124.00     2503.00        0.50
     1     1     2126.00     2509.00        0.50
     1     1     2130.00     2513.00        0.50
     1     1     2134.00     2517.00        0.50
     1     1     2138.00     2521.00        0.50
     1     1     2144.00     2523.00        0.50
     1     1     2148.00     2527.00        0.50
     1     1     2154.00     2529.00        0.50
     1     1     2160.00     2531.00        0.50
     1     1     2166.00     2531.00        0.50
     1     1     2172.00     2533.00        0.50
     1     1     2178.00     2533.00        0.50
     1     1     2184.00     2535.00        0.50
     1     1     2190.00     2535.00        0.50
     1     1     2196.00     2535.00        0.50
     1     1     2202.00     2535.00        0.50
     1     1     2208.00     2535.00        0.50
     1     1     2214.00     2535.00        0.50
     1     1     2220.00     2533.00        0.50
     1     1     2226.00     2533.00        0.50
     1     1     2232.00     2531.00        0.50
     1     1     2238.00     2529.00        0.50
     1     1     2244.00     2525.00        0.50
     1     1     2250.00     2523.00        0.50
     1     1     2256.00     2519.00        0.50
     1     1     2262.00     2515.00        0.50
     1     1     2266.00     2511.00        0.50
     1     1     2270.00     2505.00        0.50
     1     1     2272.00     2499.00        0.50
     1     1     2276.00     2495.00        0.50
     1     1     2278.00     2489.00        0.50
     1     1     2280.00     2483.00        0.50
     1     1     2282.00     2477.00        0.50
     1     1     2284.00     2471.00        0.50
     1     1     2284.00     2465.00        0.50
     1     1     2284.00     2459.00        0.50
     1     1     2284.00     2453.00        0.50
     1     1     2282.00     2447.00        0.50
     1     1     2280.00     2441.00        0.50
     1     1     2276.00     2437.00        0.50
     1     1     2272.00     2433.00        0.50
     1     1     2268.00     2429.00        0.50
     1     1     2264.00     2425.00        0.50
     1     1     2260.00     2421.00        0.50
     1     1     2254.00     2419.00        0.50
     1     1     2250.00     2415.00        0.50
     1     1     2244.00     2411.00        0.50
     1     1     2238.00     2409.00        0.50
     1     1     2232.00     2407.00        0.50
     1     1     2226.00     2403.00        0.50
     1     1     2222.00     2399.00        0.50
     1     1     2216.00     2397.00        0.50
     1     1     2212.00     2393.00        0.50
     1     1     2208.00     2389.00        0.50
     1     1     2202.00     2385.00        0.50
     1     1     2198.00     2381.00        0.50
     1     1     2194.00     2377.00        0.50
     1     1     2188.00     2373.00        0.50
     1     1     2184.00     2369.00        0.50
     1     1     2178.00     2367.00        0.50
     1     1     2172.00     2365.00        0.50
     1     1     2166.00     2363.00        0.50
     1     1     2160.00     2361.00        0.50
     1     1     2154.00     2361.00        0.50
     1     1     2148.00     2363.00        0.50
     2     0     3519.00      797.00        0.50
     2     0     3509.00      803.00        0.50
     2     0     3505.00      807.00        0.50
     2     0     3499.00      809.00        0.50
     2     0     3495.00      813.00        0.50
     2     0     3489.00      815.00        0.50
     2     0     3485.00      819.00        0.50
     2     0     3479.00      821.00        0.50
     2     0     3473.00      825.00        0.50
     2     0     3467.00      829.00        0.50
     2     0     3461.00      833.00        0.50
     2     0     3455.00      835.00        0.50
     2     0     3449.00      839.00        0.50
     2     0     3443.00      843.00        0.50
     2     0     3437.00      847.00        0.50
     2     0     3431.00      849.00        0.50
     2     0     3427.00      853.00        0.50
     2     0     3421.00      855.00        0.50
     2     0     3415.00      859.00        0.50
     2     0     3411.00      863.00        0.50
     2     0     3405.00      865.00        0.50
     2     0     3401.00      869.00        0.50
     2     0     3395.00      871.00        0.50
     2     0     3391.00      875.00        0.50
     2     0     3387.00      879.00        0.50
     2     0     3381.00      883.00        0.50
     2     0     3375.00      887.00        0.50
     2     0     3369.00      889.00        0.50
     2     0     3365.00      893.00        0.50
     2     0     3359.00      895.00        0.50
     2     0     3355.00      899.00        0.50
     2     0     3351.00      903.00        0.50
     2     0     3345.00      907.00        0.50
     2     0     3341.00      911.00        0.50
     2     0     3337.00      915.00        0.50
     2     0     3333.00      919.00        0.50
     2     0     3329.00      925.00        0.50
     2     0     3325.00      931.00        0.50
     2     0     3321.00      935.00        0.50
     2     0     3317.00      939.00        0.50
     2     0     3313.00      943.00        0.50
     2     0     3311.00      949.00        0.50
     2     0     3307.00      953.00        0.50
     2     0     3303.00      957.00        0.50
     2     0     3299.00      961.00        0.50
     2     0     3293.00      967.00        0.50
     2     0     3289.00      973.00        0.50
     2     0     3283.00      977.00        0.50
     2     0     3279.00      983.00        0.50
     2     0     3273.00      989.00        0.50
     2     0     3267.00      995.00        0.50
     2     0     3261.00     1001.00        0.50
     2     0     3255.00     1005.00        0.50
     2     0     3249.00     1011.00        0.50
     2     0     3243.00     1015.00        0.50
     2     0     3239.00     1019.00        0.50
     2     0     3235.00     1023.00        0.50
     2     0     3229.00     1027.00        0.50
     2     0     3223.00     1029.00        0.50
     2     0     3217.00     1031.00        0.50
     2     0     3213.00     1035.00        0.50
     2     0     3207.00     1037.00        0.50
     2     0     3201.00     1041.00        0.50
     2     0     3195.00     1043.00        0.50
     2     0     3189.00     1045.00        0.50
     2     0     3183.00     1047.00        0.50
     2     0     3177.00     1051.00        0.50
     2     0     3169.00     1055.00        0.50
     2     0     3161.00     1059.00        0.50
     2     0     3151.00     1063.00        0.50
     2     0     3143.00     1067.00        0.50
     2     0     3135.00     1071.00        0.50
     2     0     3127.00     1075.00        0.50
     2     0     3117.00     1079.00        0.50
     2     0     3107.00     1085.00        0.50
     2     0     3097.00     1087.00        0.50
     2     0     3089.00     1091.00        0.50
     2     0     3079.00     1095.00        0.50
     2     0     3071.00     1099.00        0.50
     2     0     3061.00     1101.00        0.50
     2     0     3051.00     1103.00        0.50
     2     0     3039.00     1107.00        0.50
     2     0     3031.00     1109.00        0.50
     2     0     3025.00     1111.00        0.50
     2     0     3019.00     1113.00        0.50
     2     0     3013.00     1115.00        0.50
     2     0     3007.00     1119.00        0.50
     2     0     3001.00     1121.00        0.50
     2     0     2995.00     1123.00        0.50
     2     0     2991.00     1127.00        0.50
     2     0     2985.00     1129.00        0.50
     2     0     2979.00     1131.00        0.50
     2     0     2975.00     1135.00        0.50
     2     0     2969.00     1137.00        0.50
     2     0     2965.00     1141.00        0.50
     2     0     2959.00     1143.00        0.50
     2     0     2955.00     1147.00        0.50
     2     0     2949.00     1151.00        0.50
     2     0     2943.00     1153.00        0.50
     2     0     2939.00     1157.00        0.50
     2     0     2933.00     1159.00        0.50
     2     0     2927.00     1163.00        0.50
     2     0     2921.00     1165.00        0.50
     2     0     2917.00     1169.00        0.50
     2     0     2911.00     1171.00        0.50
     2     0     2903.00     1175.00        0.50
     2     0     2895.00     1179.00        0.50
     2     0     2889.00     1183.00        0.50
     2     0     2883.00     1185.00        0.50
     2     0     2879.00     1189.00        0.50
     2     0     2873.00     1191.00        0.50
     2     0     2871.00     1197.00        0.50
     2     0     2867.00     1201.00        0.50
     2     0     2863.00     1207.00        0.50
     2     0     2861.00     1213.00        0.50
     2     0     2857.00     1217.00        0.50
     2     0     2853.00     1223.00        0.50
     2     0     2851.00     1229.00        0.50
     2     0     2847.00     1233.00        0.50
     2     0     2845.00     1239.00        0.50
     2     0     2843.00     1245.00        0.50
     2     0     2839.00     1251.00        0.50
     2     0     2837.00     1257.00        0.50
     2     0     2833.00     1261.00        0.50
     2     0     2829.00     1267.00        0.50
     2     0     2825.00     1271.00        0.50
     2     0     2821.00     1275.00        0.50
     2     0     2817.00     1279.00        0.50
     2     0     2813.00     1285.00        0.50
     2     0     2809.00     1291.00        0.50
     2     0     2803.00     1295.00        0.50
     2     0     2801.00     1301.00        0.50
     2     0     2795.00     1305.00        0.50
     2     0     2791.00     1309.00        0.50
     2     0     2787.00     1313.00        0.50
     2     0     2783.00     1317.00        0.50
     2     0     2777.00     1321.00        0.50
     2     0     2771.00     1325.00        0.50
     2     0     2765.00     1329.00        0.50
     2     0     2759.00     1331.00        0.50
     2     0     2755.00     1335.00        0.50
     2     0     2749.00     1339.00        0.50
     2     0     2743.00     1341.00        0.50
     2     0     2735.00     1345.00        0.50
     2     0     2729.00     1351.00        0.50
     2     0     2723.00     1355.00        0.50
     2     0     2717.00     1359.00        0.50
     2     0     2711.00     1363.00        0.50
     2     0     2705.00     1367.00        0.50
     2     0     2701.00     1371.00        0.50
     2     0     2695.00     1373.00        0.50
     2     0     2691.00     1377.00        0.50
     2     0     2685.00     1379.00        0.50
     2     0     2681.00     1383.00        0.50
     2     0     2677.00     1387.00        0.50
     2     0     2673.00     1391.00        0.50
     2     0     2669.00     1395.00        0.50
     2     0     2665.00     1399.00        0.50
     2     0     2661.00     1405.00        0.50
     2     0     2657.00     1409.00        0.50
     2     0     2653.00     1413.00        0.50
     2     0     2649.00     1417.00        0.50
     2     0     2645.00     1421.00        0.50
     3     0     3505.00      763.00        0.50
     3     0     3497.00      771.00        0.50
     3     0     3491.00      775.00        0.50
     3     0     3485.00      779.00        0.50
     3     0     3479.00      781.00        0.50
     3     0     3473.00      783.00        0.50
     3     0     3467.00      785.00        0.50
     3     0     3461.00      787.00        0.50
     3     0     3455.00      789.00        0.50
     3     0     3449.00      791.00        0.50
     3     0     3443.00      791.00        0.50
     3     0     3439.00      795.00        0.50
     3     0     3433.00      797.00        0.50
     3     0     3429.00      801.00        0.50
     3     0     3425.00      805.00        0.50
     3     0     3419.00      809.00        0.50
     3     0     3415.00      813.00        0.50
     3     0     3411.00      817.00        0.50
     3     0     3407.00      821.00        0.50
     3     0     3403.00      825.00        0.50
     3     0     3399.00      829.00        0.50
     3     0     3395.00      833.00        0.50
     3     0     3391.00      839.00        0.50
     3     0     3387.00      843.00        0.50
     3     0     3383.00      847.00        0.50
     3     0     3379.00      851.00        0.50
     3     0     3373.00      855.00        0.50
     3     0     3367.00      861.00        0.50
     3     0     3363.00      865.00        0.50
     3     0     3359.00      869.00        0.50
     3     0     3353.00      871.00        0.50
     3     0     3349.00      875.00        0.50
     3     0     3345.00      879.00        0.50
     3     0     3339.00      881.00        0.50
     3     0     3335.00      885.00        0.50
     3     0     3331.00      889.00        0.50
     3     0     3327.00      893.00        0.50
     3     0     3323.00      897.00        0.50
     3     0     3317.00      901.00        0.50
     3     0     3313.00      905.00        0.50
     3     0     3309.00      909.00        0.50
     3     0     3305.00      913.00        0.50
     3     0     3299.00      917.00        0.50
     3     0     3295.00      921.00        0.50
     3     0     3291.00      925.00        0.50
     3     0     3287.00      929.00        0.50
     3     0     3283.00      933.00        0.50
     3     0     3277.00      937.00        0.50
     3     0     3273.00      941.00        0.50
     3     0     3269.00      945.00        0.50
     3     0     3265.00      949.00        0.50
     3     0     3261.00      953.00        0.50
     3     0     3255.00      957.00        0.50
     3     0     3249.00      961.00        0.50
     3     0     3243.00      967.00        0.50
     3     0     3237.00      971.00        0.50
     3     0     3231.00      975.00        0.50
     3     0     3223.00      981.00        0.50
     3     0     3219.00      985.00        0.50
     3     0     3213.00      989.00        0.50
     3     0     3207.00      993.00        0.50
     3     0     3201.00      997.00        0.50
     3     0     3193.00     1001.00        0.50
     3     0     3187.00     1005.00        0.50
     3     0     3183.00     1009.00        0.50
     3     0     3177.00     1011.00        0.50
     3     0     3173.00     1015.00        0.50
     3     0     3167.00     1017.00        0.50
     3     0     3161.00     1021.00        0.50
     3     0     3155.00     1025.00        0.50
     3     0     3151.00     1029.00        0.50
     3     0     3145.00     1031.00        0.50
     3     0     3141.00     1035.00        0.50
     3     0     3135.00     1039.00        0.50
     3     0     3129.00     1041.00        0.50
     3     0     3125.00     1045.00        0.50
     3     0     3119.00     1047.00        0.50
     3     0     3113.00     1049.00        0.50
     3     0     3107.00     1053.00        0.50
     3     0     3101.00     1055.00        0.50
     3     0     3095.00     1057.00        0.50
     3     0     3089.00     1059.00        0.50
     3     0     3083.00     1061.00        0.50
     3     0     3077.00     1063.00        0.50
     3     0     3071.00     1067.00        0.50
     3     0     3063.00     1069.00        0.50
     3     0     3057.00     1071.00        0.50
     3     0     3051.00     1073.00        0.50
     3     0     3045.00     1075.00        0.50
     3     0     3037.00     1077.00        0.50
     3     0     3031.00     1079.00        0.50
     3     0     3025.00     1081.00        0.50
     3     0     3019.00     1083.00        0.50
     3     0     3013.00     1085.00        0.50
     3     0     3007.00     1089.00        0.50
     3     0     3001.00     1091.00        0.50
     3     0     2995.00     1093.00        0.50
     3     0     2989.00     1097.00        0.50
     3     0     2983.00     1099.00        0.50
     3     0     2977.00     1101.00        0.50
     3     0     2971.00     1105.00        0.50
     3     0     2965.00     1107.00        0.50
     3     0     2961.00     1111.00        0.50
     3     0     2955.00     1113.00        0.50
     3     0     2955.00     1107.00        0.50
     3     0     2949.00     1107.00        0.50
     3     0     2943.00     1111.00        0.50
     3     0     2937.00     1113.00        0.50
     3     0     2931.00     1115.00        0.50
     3     0     2925.00     1119.00        0.50
     3     0     2919.00     1123.00        0.50
     3     0     2913.00     1129.00        0.50
     3     0     2909.00     1133.00        0.50
     3     0     2903.00     1137.00        0.50
     3     0     2897.00     1141.00        0.50
     3     0     2891.00     1145.00        0.50
     3     0     2885.00     1149.00        0.50
     3     0     2879.00     1151.00        0.50
     3     0     2875.00     1155.00        0.50
     3     0     2869.00     1159.00        0.50
     3     0     2865.00     1163.00        0.50
     3     0     2861.00     1167.00        0.50
     3     0     2857.00     1171.00        0.50
     3     0     2853.00     1175.00        0.50
     3     0     2849.00     1179.00        0.50
     3     0     2845.00     1183.00        0.50
     3     0     2841.00     1189.00        0.50
     3     0     2837.00     1195.00        0.50
     3     0     2835.00     1201.00        0.50
     3     0     2831.00     1205.00        0.50
     3     0     2829.00     1211.00        0.50
     3     0     2825.00     1217.00        0.50
     3     0     2823.00     1223.00        0.50
     3     0     2819.00     1227.00        0.50
     3     0     2815.00     1233.00        0.50
     3     0     2811.00     1237.00        0.50
     3     0     2809.00     1243.00        0.50
     3     0     2805.00     1247.00        0.50
     3     0     2801.00     1253.00        0.50
     3     0     2799.00     1259.00        0.50
     3     0     2795.00     1263.00        0.50
     3     0     2791.00     1267.00        0.50
     3     0     2787.00     1271.00        0.50
     3     0     2783.00     1275.00        0.50
     3     0     2779.00     1279.00        0.50
     3     0     2775.00     1283.00        0.50
     3     0     2771.00     1287.00        0.50
     3     0     2767.00     1291.00        0.50
     3     0     2763.00     1295.00        0.50
     3     0     2759.00     1299.00        0.50
     3     0     2755.00     1303.00        0.50
     3     0     2751.00     1307.00        0.50
     3     0     2745.00     1311.00        0.50
     3     0     2739.00     1315.00        0.50
     3     0     2733.00     1317.00        0.50
     3     0     2729.00     1321.00        0.50
     3     0     2723.00     1323.00        0.50
     3     0     2719.00     1327.00        0.50
     3     0     2713.00     1329.00        0.50
     3     0     2709.00     1333.00        0.50
     3     0     2703.00     1335.00        0.50
     3     0     2697.00     1337.00        0.50
     3     0     2691.00     1339.00        0.50
     3     0     2685.00     1341.00        0.50
     3     0     2679.00     1345.00        0.50
     3     0     2673.00     1349.00        0.50
     3     0     2667.00     1351.00        0.50
     3     0     2665.00     1357.00        0.50
     3     0     2659.00     1361.00        0.50
     3     0     2655.00     1365.00        0.50
     3     0     2651.00     1369.00        0.50
     3     0     2647.00     1373.00        0.50
     3     0     2643.00     1377.00        0.50
     3     0     2639.00     1381.00        0.50
     3     0     2635.00     1385.00        0.50
     3     0     2631.00     1391.00        0.50
     3     0     2627.00     1395.00        0.50
     3     0     2625.00     1401.00        0.50
