     0     0      602.00     1149.00        0.50
     0     0      590.00     1149.00        0.50
     0     0      584.00     1149.00        0.50
     0     0      578.00     1149.00        0.50
     0     0      572.00     1149.00        0.50
     0     0      564.00     1149.00        0.50
     0     0      556.00     1147.00        0.50
     0     0      550.00     1145.00        0.50
     0     0      544.00     1145.00        0.50
     0     0      538.00     1141.00        0.50
     0     0      532.00     1139.00        0.50
     0     0      526.00     1135.00        0.50
     0     0      518.00     1131.00        0.50
     0     0      512.00     1129.00        0.50
     0     0      508.00     1125.00        0.50
     0     0      502.00     1121.00        0.50
     0     0      496.00     1115.00        0.50
     0     0      492.00     1109.00        0.50
     0     0      488.00     1105.00        0.50
     0     0      484.00     1099.00        0.50
     0     0      480.00     1095.00        0.50
     0     0      476.00     1087.00        0.50
     0     0      472.00     1079.00        0.50
     0     0      470.00     1071.00        0.50
     0     0      468.00     1063.00        0.50
     0     0      464.00     1053.00        0.50
     0     0      464.00     1043.00        0.50
     0     0      462.00     1033.00        0.50
     0     0      460.00     1021.00        0.50
     0     0      460.00     1011.00        0.50
     0     0      460.00      999.00        0.50
     0     0      460.00      987.00        0.50
     0     0      460.00      977.00        0.50
     0     0      460.00      967.00        0.50
     0     0      462.00      959.00        0.50
     0     0      464.00      953.00        0.50
     0     0      464.00      947.00        0.50
     0     0      466.00      937.00        0.50
     0     0      470.00      931.00        0.50
     0     0      474.00      925.00        0.50
     0     0      476.00      919.00        0.50
     0     0      480.00      915.00        0.50
     0     0      484.00      911.00        0.50
     0     0      490.00      909.00        0.50
     0     0      494.00      905.00        0.50
     0     0      500.00      903.00        0.50
     0     0      504.00      899.00        0.50
     0     0      510.00      895.00        0.50
     0     0      516.00      891.00        0.50
     0     0      524.00      887.00        0.50
     0     0      530.00      883.00        0.50
     0     0      538.00      879.00        0.50
     0     0      544.00      877.00        0.50
     0     0      550.00      875.00        0.50
     0     0      556.00      873.00        0.50
     0     0      562.00      871.00        0.50
     0     0      570.00      869.00        0.50
     0     0      578.00      867.00        0.50
     0     0      586.00      867.00        0.50
     0     0      594.00      865.00        0.50
     0     0      604.00      865.00        0.50
     0     0      614.00      865.00        0.50
     0     0      622.00      865.00        0.50
     0     0      628.00      865.00        0.50
     0     0      634.00      867.00        0.50
     0     0      642.00      869.00        0.50
     0     0      650.00      873.00        0.50
     0     0      658.00      877.00        0.50
     0     0      664.00      879.00        0.50
     0     0      668.00      883.00        0.50
     0     0      672.00      887.00        0.50
     0     0      678.00      891.00        0.50
     0     0      682.00      895.00        0.50
     0     0      686.00      901.00        0.50
     0     0      690.00      907.00        0.50
     0     0      694.00      913.00        0.50
     0     0      696.00      919.00        0.50
     0     0      700.00      925.00        0.50
     0     0      702.00      931.00        0.50
     0     0      706.00      937.00        0.50
     0     0      708.00      945.00        0.50
     0     0      710.00      951.00        0.50
     0     0      712.00      957.00        0.50
     0     0      714.00      963.00        0.50
     0     0      716.00      969.00        0.50
     0     0      718.00      975.00        0.50
     0     0      718.00      983.00        0.50
     0     0      720.00      991.00        0.50
     0     0      720.00      997.00        0.50
     0     0      720.00     1005.00        0.50
     0     0      720.00     1015.00        0.50
     0     0      720.00     1021.00        0.50
     0     0      718.00     1027.00        0.50
     0     0      718.00     1033.00        0.50
     0     0      716.00     1039.00        0.50
     0     0      714.00     1045.00        0.50
     0     0      712.00     1051.00        0.50
     0     0      708.00     1059.00        0.50
     0     0      704.00     1067.00        0.50
     0     0      702.00     1073.00        0.50
     0     0      698.00     1079.00        0.50
     0     0      696.00     1085.00        0.50
     0     0      692.00     1091.00        0.50
     0     0      688.00     1099.00        0.50
     0     0      684.00     1105.00        0.50
     0     0      680.00     1109.00        0.50
     0     0      674.00     1113.00        0.50
     0     0      670.00     1117.00        0.50
     0     0      664.00     1119.00        0.50
     0     0      658.00     1121.00        0.50
     0     0      650.00     1123.00        0.50
     0     0      644.00     1125.00        0.50
     0     0      638.00     1127.00        0.50
     0     0      634.00     1131.00        0.50
     0     1     1404.00     2669.00        0.50
     0     1     1396.00     2673.00        0.50
     0     1     1390.00     2675.00        0.50
     0     1     1384.00     2679.00        0.50
     0     1     1378.00     2681.00        0.50
     0     1     1372.00     2683.00        0.50
     0     1     1366.00     2687.00        0.50
     0     1     1360.00     2689.00        0.50
     0     1     1356.00     2693.00        0.50
     0     1     1352.00     2697.00        0.50
     0     1     1346.00     2701.00        0.50
     0     1     1342.00     2707.00        0.50
     0     1     1340.00     2713.00        0.50
     0     1     1338.00     2719.00        0.50
     0     1     1336.00     2725.00        0.50
     0     1     1334.00     2731.00        0.50
     0     1     1332.00     2737.00        0.50
     0     1     1330.00     2743.00        0.50
     0     1     1326.00     2747.00        0.50
     0     1     1324.00     2753.00        0.50
     0     1     1320.00     2757.00        0.50
     0     1     1316.00     2761.00        0.50
     0     1     1312.00     2765.00        0.50
     0     1     1306.00     2767.00        0.50
     0     1     1300.00     2771.00        0.50
     0     1     1294.00     2773.00        0.50
     0     1     1288.00     2775.00        0.50
     0     1     1282.00     2777.00        0.50
     0     1     1276.00     2779.00        0.50
     0     1     1268.00     2779.00        0.50
     0     1     1262.00     2781.00        0.50
     0     1     1256.00     2783.00        0.50
     0     1     1248.00     2783.00        0.50
     0     1     1242.00     2783.00        0.50
     0     1     1234.00     2783.00        0.50
     0     1     1228.00     2783.00        0.50
     0     1     1222.00     2783.00        0.50
     0     1     1212.00     2779.00        0.50
     0     1     1206.00     2777.00        0.50
     0     1     1198.00     2775.00        0.50
     0     1     1192.00     2773.00        0.50
     0     1     1186.00     2769.00        0.50
     0     1     1180.00     2767.00        0.50
     0     1     1172.00     2763.00        0.50
     0     1     1166.00     2759.00        0.50
     0     1     1160.00     2755.00        0.50
     0     1     1156.00     2751.00        0.50
     0     1     1150.00     2747.00        0.50
     0     1     1146.00     2743.00        0.50
     0     1     1142.00     2739.00        0.50
     0     1     1138.00     2735.00        0.50
     0     1     1130.00     2729.00        0.50
     0     1     1124.00     2721.00        0.50
     0     1     1118.00     2713.00        0.50
     0     1     1110.00     2703.00        0.50
     0     1     1102.00     2689.00        0.50
     0     1     1094.00     2679.00        0.50
     0     1     1090.00     2671.00        0.50
     0     1     1086.00     2663.00        0.50
     0     1     1082.00     2655.00        0.50
     0     1     1078.00     2647.00        0.50
     0     1     1074.00     2639.00        0.50
     0     1     1070.00     2629.00        0.50
     0     1     1068.00     2623.00        0.50
     0     1     1068.00     2615.00        0.50
     0     1     1066.00     2605.00        0.50
     0     1     1064.00     2595.00        0.50
     0     1     1064.00     2581.00        0.50
     0     1     1064.00     2571.00        0.50
     0     1     1066.00     2563.00        0.50
     0     1     1066.00     2553.00        0.50
     0     1     1068.00     2545.00        0.50
     0     1     1068.00     2535.00        0.50
     0     1     1070.00     2523.00        0.50
     0     1     1072.00     2513.00        0.50
     0     1     1076.00     2503.00        0.50
     0     1     1078.00     2495.00        0.50
     0     1     1080.00     2487.00        0.50
     0     1     1084.00     2477.00        0.50
     0     1     1088.00     2469.00        0.50
     0     1     1092.00     2463.00        0.50
     0     1     1096.00     2457.00        0.50
     0     1     1100.00     2453.00        0.50
     0     1     1104.00     2447.00        0.50
     0     1     1112.00     2443.00        0.50
     0     1     1118.00     2439.00        0.50
     0     1     1124.00     2435.00        0.50
     0     1     1130.00     2433.00        0.50
     0     1     1138.00     2431.00        0.50
     0     1     1146.00     2427.00        0.50
     0     1     1152.00     2427.00        0.50
     0     1     1162.00     2425.00        0.50
     0     1     1172.00     2425.00        0.50
     0     1     1178.00     2423.00        0.50
     0     1     1188.00     2423.00        0.50
     0     1     1196.00     2421.00        0.50
     0     1     1204.00     2421.00        0.50
     0     1     1212.00     2421.00        0.50
     0     1     1220.00     2421.00        0.50
     0     1     1228.00     2421.00        0.50
     0     1     1234.00     2423.00        0.50
     0     1     1242.00     2423.00        0.50
     0     1     1248.00     2425.00        0.50
     0     1     1258.00     2425.00        0.50
     0     1     1264.00     2427.00        0.50
     0     1     1270.00     2429.00        0.50
     0     1     1276.00     2429.00        0.50
     0     1     1282.00     2431.00        0.50
     0     1     1288.00     2433.00        0.50
     0     1     1294.00     2435.00        0.50
     0     1     1300.00     2439.00        0.50
     0     1     1306.00     2441.00        0.50
     0     1     1312.00     2443.00        0.50
     0     1     1318.00     2445.00        0.50
     0     1     1322.00     2449.00        0.50
     1     0      622.00     1087.00        0.50
     1     0      612.00     1093.00        0.50
     1     0      606.00     1095.00        0.50
     1     0      600.00     1097.00        0.50
     1     0      594.00     1099.00        0.50
     1     0      588.00     1099.00        0.50
     1     0      582.00     1101.00        0.50
     1     0      576.00     1103.00        0.50
     1     0      570.00     1105.00        0.50
     1     0      564.00     1105.00        0.50
     1     0      558.00     1107.00        0.50
     1     0      552.00     1109.00        0.50
     1     0      546.00     1109.00        0.50
     1     0      540.00     1109.00        0.50
     1     0      534.00     1107.00        0.50
     1     0      528.00     1105.00        0.50
     1     0      524.00     1101.00        0.50
     1     0      518.00     1099.00        0.50
     1     0      514.00     1095.00        0.50
     1     0      510.00     1091.00        0.50
     1     0      508.00     1085.00        0.50
     1     0      504.00     1081.00        0.50
     1     0      502.00     1075.00        0.50
     1     0      500.00     1069.00        0.50
     1     0      498.00     1063.00        0.50
     1     0      496.00     1057.00        0.50
     1     0      494.00     1051.00        0.50
     1     0      492.00     1045.00        0.50
     1     0      492.00     1039.00        0.50
     1     0      490.00     1033.00        0.50
     1     0      490.00     1027.00        0.50
     1     0      490.00     1021.00        0.50
     1     0      490.00     1015.00        0.50
     1     0      490.00     1009.00        0.50
     1     0      490.00     1003.00        0.50
     1     0      490.00      997.00        0.50
     1     0      490.00      991.00        0.50
     1     0      490.00      985.00        0.50
     1     0      490.00      979.00        0.50
     1     0      490.00      973.00        0.50
     1     0      492.00      967.00        0.50
     1     0      494.00      961.00        0.50
     1     0      498.00      955.00        0.50
     1     0      502.00      951.00        0.50
     1     0      506.00      945.00        0.50
     1     0      510.00      939.00        0.50
     1     0      514.00      935.00        0.50
     1     0      518.00      931.00        0.50
     1     0      522.00      927.00        0.50
     1     0      528.00      925.00        0.50
     1     0      532.00      921.00        0.50
     1     0      538.00      919.00        0.50
     1     0      544.00      915.00        0.50
     1     0      550.00      913.00        0.50
     1     0      556.00      913.00        0.50
     1     0      562.00      911.00        0.50
     1     0      568.00      909.00        0.50
     1     0      574.00      909.00        0.50
     1     0      580.00      907.00        0.50
     1     0      586.00      907.00        0.50
     1     0      592.00      907.00        0.50
     1     0      598.00      907.00        0.50
     1     0      604.00      907.00        0.50
     1     0      610.00      909.00        0.50
     1     0      616.00      909.00        0.50
     1     0      622.00      909.00        0.50
     1     0      628.00      911.00        0.50
     1     0      634.00      913.00        0.50
     1     0      638.00      917.00        0.50
     1     0      644.00      921.00        0.50
     1     0      648.00      925.00        0.50
     1     0      652.00      929.00        0.50
     1     0      656.00      933.00        0.50
     1     0      660.00      937.00        0.50
     1     0      664.00      941.00        0.50
     1     0      668.00      947.00        0.50
     1     0      670.00      953.00        0.50
     1     0      674.00      957.00        0.50
     1     0      676.00      963.00        0.50
     1     0      678.00      969.00        0.50
     1     0      682.00      975.00        0.50
     1     0      682.00      981.00        0.50
     1     0      684.00      987.00        0.50
     1     0      688.00      993.00        0.50
     1     0      688.00      999.00        0.50
     1     0      690.00     1005.00        0.50
     1     0      690.00     1011.00        0.50
     1     0      692.00     1017.00        0.50
     1     0      692.00     1023.00        0.50
     1     0      692.00     1029.00        0.50
     1     0      690.00     1035.00        0.50
     1     0      686.00     1039.00        0.50
     1     0      684.00     1045.00        0.50
     1     0      680.00     1049.00        0.50
     1     0      676.00     1053.00        0.50
     1     0      672.00     1057.00        0.50
     1     0      668.00     1063.00        0.50
     1     0      664.00     1067.00        0.50
     1     0      660.00     1071.00        0.50
     1     0      656.00     1075.00        0.50
     1     0      650.00     1079.00        0.50
     1     1     1298.00     2477.00        0.50
     1     1     1288.00     2475.00        0.50
     1     1     1282.00     2473.00        0.50
     1     1     1276.00     2471.00        0.50
     1     1     1270.00     2469.00        0.50
     1     1     1264.00     2467.00        0.50
     1     1     1258.00     2465.00        0.50
     1     1     1252.00     2463.00        0.50
     1     1     1246.00     2461.00        0.50
     1     1     1240.00     2461.00        0.50
     1     1     1234.00     2459.00        0.50
     1     1     1228.00     2459.00        0.50
     1     1     1222.00     2457.00        0.50
     1     1     1216.00     2457.00        0.50
     1     1     1210.00     2457.00        0.50
     1     1     1204.00     2457.00        0.50
     1     1     1198.00     2457.00        0.50
     1     1     1190.00     2455.00        0.50
     1     1     1184.00     2455.00        0.50
     1     1     1178.00     2457.00        0.50
     1     1     1172.00     2457.00        0.50
     1     1     1166.00     2459.00        0.50
     1     1     1160.00     2461.00        0.50
     1     1     1154.00     2465.00        0.50
     1     1     1148.00     2469.00        0.50
     1     1     1142.00     2471.00        0.50
     1     1     1138.00     2475.00        0.50
     1     1     1134.00     2479.00        0.50
     1     1     1130.00     2483.00        0.50
     1     1     1126.00     2487.00        0.50
     1     1     1122.00     2491.00        0.50
     1     1     1118.00     2495.00        0.50
     1     1     1116.00     2501.00        0.50
     1     1     1112.00     2505.00        0.50
     1     1     1112.00     2511.00        0.50
     1     1     1110.00     2517.00        0.50
     1     1     1108.00     2523.00        0.50
     1     1     1108.00     2529.00        0.50
     1     1     1108.00     2535.00        0.50
     1     1     1106.00     2541.00        0.50
     1     1     1106.00     2547.00        0.50
     1     1     1106.00     2553.00        0.50
     1     1     1106.00     2559.00        0.50
     1     1     1106.00     2565.00        0.50
     1     1     1106.00     2571.00        0.50
     1     1     1106.00     2577.00        0.50
     1     1     1106.00     2583.00        0.50
     1     1     1108.00     2589.00        0.50
     1     1     1108.00     2595.00        0.50
     1     1     1110.00     2601.00        0.50
     1     1     1112.00     2607.00        0.50
     1     1     1114.00     2613.00        0.50
     1     1     1116.00     2619.00        0.50
     1     1     1118.00     2625.00        0.50
     1     1     1122.00     2631.00        0.50
     1     1     1124.00     2637.00        0.50
     1     1     1126.00     2643.00        0.50
     1     1     1130.00     2647.00        0.50
     1     1     1132.00     2653.00        0.50
     1     1     1134.00     2659.00        0.50
     1     1     1136.00     2665.00        0.50
     1     1     1140.00     2669.00        0.50
     1     1     1142.00     2675.00        0.50
     1     1     1146.00     2679.00        0.50
     1     1     1148.00     2685.00        0.50
     1     1     1152.00     2689.00        0.50
     1     1     1156.00     2693.00        0.50
     1     1     1160.00     2697.00        0.50
     1     1     1164.00     2701.00        0.50
     1     1     1168.00     2705.00        0.50
     1     1     1172.00     2709.00        0.50
     1     1     1176.00     2713.00        0.50
     1     1     1182.00     2717.00        0.50
     1     1     1186.00     2721.00        0.50
     1     1     1192.00     2723.00        0.50
     1     1     1196.00     2727.00        0.50
     1     1     1202.00     2729.00        0.50
     1     1     1208.00     2731.00        0.50
     1     1     1214.00     2733.00        0.50
     1     1     1220.00     2735.00        0.50
     1     1     1226.00     2735.00        0.50
     1     1     1232.00     2737.00        0.50
     1     1     1238.00     2737.00        0.50
     1     1     1244.00     2737.00        0.50
     1     1     1250.00     2735.00        0.50
     1     1     1256.00     2735.00        0.50
     1     1     1262.00     2735.00        0.50
     1     1     1268.00     2733.00        0.50
     1     1     1274.00     2729.00        0.50
     1     1     1280.00     2727.00        0.50
     1     1     1286.00     2723.00        0.50
     1     1     1290.00     2719.00        0.50
     1     1     1296.00     2715.00        0.50
     1     1     1300.00     2711.00        0.50
     1     1     1304.00     2705.00        0.50
     1     1     1308.00     2699.00        0.50
     1     1     1312.00     2693.00        0.50
     1     1     1316.00     2687.00        0.50
     1     1     1320.00     2681.00        0.50
     1     1     1324.00     2677.00        0.50
     1     1     1328.00     2671.00        0.50
     1     1     1334.00     2669.00        0.50
     1     1     1338.00     2665.00        0.50
     1     1     1342.00     2661.00        0.50
     1     1     1346.00     2657.00        0.50
     1     1     1352.00     2655.00        0.50
     1     1     1358.00     2653.00        0.50
     2     0     2350.00     3141.00        0.50
     2     0     2340.00     3139.00        0.50
     2     0     2334.00     3137.00        0.50
     2     0     2328.00     3135.00        0.50
     2     0     2322.00     3133.00        0.50
     2     0     2316.00     3131.00        0.50
     2     0     2310.00     3129.00        0.50
     2     0     2304.00     3127.00        0.50
     2     0     2298.00     3123.00        0.50
     2     0     2292.00     3121.00        0.50
     2     0     2286.00     3119.00        0.50
     2     0     2282.00     3115.00        0.50
     2     0     2276.00     3113.00        0.50
     2     0     2270.00     3111.00        0.50
     2     0     2264.00     3109.00        0.50
     2     0     2260.00     3105.00        0.50
     2     0     2254.00     3103.00        0.50
     2     0     2248.00     3099.00        0.50
     2     0     2244.00     3095.00        0.50
     2     0     2238.00     3093.00        0.50
     2     0     2234.00     3089.00        0.50
     2     0     2228.00     3085.00        0.50
     2     0     2222.00     3083.00        0.50
     2     0     2218.00     3079.00        0.50
     2     0     2212.00     3077.00        0.50
     2     0     2208.00     3073.00        0.50
     2     0     2202.00     3071.00        0.50
     2     0     2198.00     3067.00        0.50
     2     0     2192.00     3065.00        0.50
     2     0     2186.00     3063.00        0.50
     2     0     2180.00     3059.00        0.50
     2     0     2174.00     3057.00        0.50
     2     0     2170.00     3053.00        0.50
     2     0     2164.00     3051.00        0.50
     2     0     2158.00     3049.00        0.50
     2     0     2152.00     3045.00        0.50
     2     0     2146.00     3043.00        0.50
     2     0     2140.00     3041.00        0.50
     2     0     2134.00     3039.00        0.50
     2     0     2128.00     3037.00        0.50
     2     0     2122.00     3035.00        0.50
     2     0     2116.00     3033.00        0.50
     2     0     2110.00     3031.00        0.50
     2     0     2104.00     3027.00        0.50
     2     0     2098.00     3025.00        0.50
     2     0     2092.00     3023.00        0.50
     2     0     2086.00     3021.00        0.50
     2     0     2080.00     3017.00        0.50
     2     0     2074.00     3015.00        0.50
     2     0     2068.00     3013.00        0.50
     2     0     2062.00     3009.00        0.50
     2     0     2056.00     3007.00        0.50
     2     0     2050.00     3003.00        0.50
     2     0     2044.00     3001.00        0.50
     2     0     2038.00     2999.00        0.50
     2     0     2032.00     2995.00        0.50
     2     0     2026.00     2993.00        0.50
     2     0     2022.00     2989.00        0.50
     2     0     2016.00     2987.00        0.50
     2     0     2010.00     2985.00        0.50
     2     0     2006.00     2981.00        0.50
     2     0     2000.00     2979.00        0.50
     2     0     1994.00     2975.00        0.50
     2     0     1988.00     2973.00        0.50
     2     0     1984.00     2969.00        0.50
     2     0     1978.00     2965.00        0.50
     2     0     1972.00     2963.00        0.50
     2     0     1966.00     2959.00        0.50
     2     0     1960.00     2957.00        0.50
     2     0     1956.00     2953.00        0.50
     2     0     1950.00     2951.00        0.50
     2     0     1944.00     2949.00        0.50
     2     0     1938.00     2945.00        0.50
     2     0     1932.00     2943.00        0.50
     2     0     1926.00     2939.00        0.50
     2     0     1920.00     2937.00        0.50
     2     0     1914.00     2935.00        0.50
     2     0     1910.00     2931.00        0.50
     2     0     1904.00     2929.00        0.50
     2     0     1900.00     2925.00        0.50
     2     0     1894.00     2921.00        0.50
     2     0     1888.00     2917.00        0.50
     2     0     1884.00     2913.00        0.50
     2     0     1880.00     2909.00        0.50
     2     0     1874.00     2905.00        0.50
     2     0     1870.00     2901.00        0.50
     2     0     1866.00     2897.00        0.50
     2     0     1862.00     2893.00        0.50
     2     0     1858.00     2889.00        0.50
     2     0     1854.00     2885.00        0.50
     2     0     1848.00     2881.00        0.50
     2     0     1844.00     2877.00        0.50
     2     0     1838.00     2873.00        0.50
     2     0     1832.00     2869.00        0.50
     2     0     1826.00     2865.00        0.50
     2     0     1820.00     2861.00        0.50
     2     0     1814.00     2857.00        0.50
     2     0     1808.00     2853.00        0.50
     2     0     1800.00     2849.00        0.50
     2     0     1794.00     2845.00        0.50
     2     0     1786.00     2841.00        0.50
     2     0     1780.00     2835.00        0.50
     2     0     1772.00     2833.00        0.50
     2     0     1766.00     2829.00        0.50
     2     0     1760.00     2825.00        0.50
     2     0     1756.00     2821.00        0.50
     2     0     1750.00     2819.00        0.50
     2     0     1744.00     2815.00        0.50
     2     0     1738.00     2811.00        0.50
     2     0     1732.00     2809.00        0.50
     2     0     1726.00     2805.00        0.50
     2     0     1720.00     2801.00        0.50
     2     0     1714.00     2799.00        0.50
     2     0     1708.00     2795.00        0.50
     2     0     1702.00     2791.00        0.50
     2     0     1696.00     2789.00        0.50
     2     0     1690.00     2785.00        0.50
     2     0     1682.00     2779.00        0.50
     2     0     1672.00     2775.00        0.50
     2     0     1666.00     2771.00        0.50
     2     0     1660.00     2767.00        0.50
     2     0     1652.00     2763.00        0.50
     2     0     1646.00     2761.00        0.50
     2     0     1636.00     2755.00        0.50
     2     0     1628.00     2751.00        0.50
     2     0     1620.00     2745.00        0.50
     2     0     1610.00     2741.00        0.50
     2     0     1602.00     2737.00        0.50
     2     0     1596.00     2733.00        0.50
     2     0     1584.00     2727.00        0.50
     2     0     1576.00     2723.00        0.50
     2     0     1568.00     2719.00        0.50
     2     0     1562.00     2717.00        0.50
     2     0     1556.00     2713.00        0.50
     2     0     1550.00     2709.00        0.50
     2     0     1544.00     2707.00        0.50
     2     0     1540.00     2703.00        0.50
     2     0     1534.00     2701.00        0.50
     2     0     1530.00     2697.00        0.50
     2     0     1524.00     2695.00        0.50
     2     0     1518.00     2691.00        0.50
     2     0     1512.00     2689.00        0.50
     2     0     1506.00     2685.00        0.50
     2     0     1500.00     2681.00        0.50
     2     0     1494.00     2679.00        0.50
     2     0     1488.00     2677.00        0.50
     2     0     1482.00     2677.00        0.50
     2     0     1476.00     2675.00        0.50
     2     0     1470.00     2673.00        0.50
     2     0     1464.00     2673.00        0.50
     2     0     1458.00     2671.00        0.50
     2     0     1452.00     2667.00        0.50
     2     0     1446.00     2665.00        0.50
     2     0     1440.00     2663.00        0.50
     2     0     1436.00     2659.00        0.50
     2     1     1332.00     2399.00        0.50
     2     1     1336.00     2389.00        0.50
     2     1     1338.00     2383.00        0.50
     2     1     1340.00     2377.00        0.50
     2     1     1342.00     2371.00        0.50
     2     1     1344.00     2365.00        0.50
     2     1     1346.00     2353.00        0.50
     2     1     1348.00     2343.00        0.50
     2     1     1350.00     2331.00        0.50
     2     1     1354.00     2321.00        0.50
     2     1     1356.00     2313.00        0.50
     2     1     1356.00     2305.00        0.50
     2     1     1358.00     2297.00        0.50
     2     1     1362.00     2291.00        0.50
     2     1     1364.00     2283.00        0.50
     2     1     1366.00     2275.00        0.50
     2     1     1370.00     2267.00        0.50
     2     1     1372.00     2257.00        0.50
     2     1     1378.00     2247.00        0.50
     2     1     1382.00     2239.00        0.50
     2     1     1384.00     2233.00        0.50
     2     1     1388.00     2225.00        0.50
     2     1     1390.00     2219.00        0.50
     2     1     1394.00     2213.00        0.50
     2     1     1398.00     2205.00        0.50
     2     1     1402.00     2201.00        0.50
     2     1     1406.00     2195.00        0.50
     2     1     1410.00     2189.00        0.50
     2     1     1414.00     2185.00        0.50
     2     1     1418.00     2179.00        0.50
     2     1     1424.00     2171.00        0.50
     2     1     1428.00     2167.00        0.50
     2     1     1434.00     2161.00        0.50
     2     1     1438.00     2155.00        0.50
     2     1     1442.00     2151.00        0.50
     2     1     1446.00     2145.00        0.50
     2     1     1454.00     2137.00        0.50
     2     1     1458.00     2131.00        0.50
     2     1     1462.00     2127.00        0.50
     2     1     1466.00     2123.00        0.50
     2     1     1470.00     2119.00        0.50
     2     1     1474.00     2113.00        0.50
     2     1     1478.00     2109.00        0.50
     2     1     1482.00     2105.00        0.50
     2     1     1486.00     2099.00        0.50
     2     1     1490.00     2095.00        0.50
     2     1     1496.00     2091.00        0.50
     2     1     1502.00     2087.00        0.50
     2     1     1506.00     2083.00        0.50
     2     1     1512.00     2081.00        0.50
     2     1     1518.00     2077.00        0.50
     2     1     1524.00     2075.00        0.50
     2     1     1532.00     2071.00        0.50
     2     1     1540.00     2067.00        0.50
     2     1     1546.00     2063.00        0.50
     2     1     1552.00     2061.00        0.50
     2     1     1560.00     2057.00        0.50
     2     1     1566.00     2055.00        0.50
     2     1     1572.00     2053.00        0.50
     2     1     1580.00     2049.00        0.50
     2     1     1590.00     2047.00        0.50
     2     1     1598.00     2045.00        0.50
     2     1     1606.00     2043.00        0.50
     2     1     1614.00     2041.00        0.50
     2     1     1622.00     2041.00        0.50
     2     1     1630.00     2039.00        0.50
     2     1     1642.00     2037.00        0.50
     2     1     1648.00     2035.00        0.50
     2     1     1654.00     2035.00        0.50
     2     1     1660.00     2035.00        0.50
     2     1     1668.00     2035.00        0.50
     2     1     1676.00     2033.00        0.50
     2     1     1686.00     2033.00        0.50
     2     1     1694.00     2033.00        0.50
     2     1     1702.00     2033.00        0.50
     2     1     1710.00     2033.00        0.50
     2     1     1716.00     2033.00        0.50
     2     1     1726.00     2033.00        0.50
     2     1     1734.00     2033.00        0.50
     2     1     1744.00     2033.00        0.50
     2     1     1754.00     2033.00        0.50
     2     1     1766.00     2033.00        0.50
     2     1     1776.00     2033.00        0.50
     2     1     1782.00     2033.00        0.50
     2     1     1792.00     2033.00        0.50
     2     1     1802.00     2033.00        0.50
     2     1     1812.00     2033.00        0.50
     2     1     1820.00     2033.00        0.50
     2     1     1826.00     2033.00        0.50
     2     1     1836.00     2033.00        0.50
     2     1     1844.00     2031.00        0.50
     2     1     1854.00     2031.00        0.50
     2     1     1860.00     2031.00        0.50
     2     1     1866.00     2031.00        0.50
     2     1     1872.00     2031.00        0.50
     2     1     1878.00     2033.00        0.50
     2     1     1884.00     2033.00        0.50
     2     1     1892.00     2035.00        0.50
     2     1     1898.00     2037.00        0.50
     2     1     1906.00     2039.00        0.50
     2     1     1914.00     2043.00        0.50
     2     1     1920.00     2045.00        0.50
     2     1     1926.00     2047.00        0.50
     2     1     1932.00     2049.00        0.50
     2     1     1938.00     2053.00        0.50
     2     1     1944.00     2057.00        0.50
     2     1     1950.00     2059.00        0.50
     2     1     1954.00     2063.00        0.50
     2     1     1960.00     2067.00        0.50
     2     1     1966.00     2071.00        0.50
     2     1     1972.00     2075.00        0.50
     2     1     1976.00     2079.00        0.50
     2     1     1984.00     2085.00        0.50
     2     1     1990.00     2091.00        0.50
     2     1     1994.00     2097.00        0.50
     2     1     1998.00     2101.00        0.50
     2     1     2002.00     2105.00        0.50
     2     1     2006.00     2109.00        0.50
     2     1     2066.00     2147.00        0.50
     2     1     2076.00     2155.00        0.50
     2     1     2082.00     2157.00        0.50
     2     1     2088.00     2161.00        0.50
     2     1     2096.00     2165.00        0.50
     2     1     2106.00     2171.00        0.50
     2     1     2116.00     2177.00        0.50
     2     1     2126.00     2181.00        0.50
     2     1     2136.00     2187.00        0.50
     2     1     2150.00     2195.00        0.50
     2     1     2160.00     2201.00        0.50
     2     1     2172.00     2209.00        0.50
     2     1     2186.00     2215.00        0.50
     2     1     2198.00     2221.00        0.50
     2     1     2214.00     2229.00        0.50
     2     1     2232.00     2239.00        0.50
     2     1     2244.00     2245.00        0.50
     2     1     2256.00     2253.00        0.50
     2     1     2266.00     2261.00        0.50
     2     1     2278.00     2269.00        0.50
     2     1     2288.00     2275.00        0.50
     2     1     2298.00     2283.00        0.50
     2     1     2306.00     2289.00        0.50
     2     1     2316.00     2295.00        0.50
     2     1     2322.00     2301.00        0.50
     2     1     2330.00     2307.00        0.50
     2     1     2340.00     2315.00        0.50
     2     1     2350.00     2323.00        0.50
     2     1     2360.00     2331.00        0.50
     2     1     2370.00     2341.00        0.50
     2     1     2380.00     2349.00        0.50
     2     1     2390.00     2355.00        0.50
     2     1     2400.00     2363.00        0.50
     2     1     2408.00     2369.00        0.50
     2     1     2416.00     2373.00        0.50
     2     1     2424.00     2379.00        0.50
     2     1     2430.00     2383.00        0.50
     2     1     2440.00     2389.00        0.50
     2     1     2448.00     2393.00        0.50
     2     1     2456.00     2399.00        0.50
     2     1     2462.00     2403.00        0.50
     2     1     2468.00     2405.00        0.50
     2     1     2474.00     2409.00        0.50
     2     1     2482.00     2415.00        0.50
     2     1     2488.00     2419.00        0.50
     2     1     2494.00     2421.00        0.50
     2     1     2498.00     2425.00        0.50
     2     1     2504.00     2427.00        0.50
     2     1     2508.00     2431.00        0.50
     2     1     2514.00     2433.00        0.50
     2     1     2518.00     2437.00        0.50
     2     1     2524.00     2439.00        0.50
     2     1     2528.00     2443.00        0.50
     2     1     2532.00     2447.00        0.50
     2     1     2536.00     2451.00        0.50
     3     0     2360.00     3109.00        0.50
     3     0     2350.00     3103.00        0.50
     3     0     2344.00     3101.00        0.50
     3     0     2338.00     3099.00        0.50
     3     0     2332.00     3095.00        0.50
     3     0     2326.00     3093.00        0.50
     3     0     2320.00     3089.00        0.50
     3     0     2314.00     3085.00        0.50
     3     0     2306.00     3081.00        0.50
     3     0     2300.00     3077.00        0.50
     3     0     2294.00     3075.00        0.50
     3     0     2288.00     3071.00        0.50
     3     0     2282.00     3067.00        0.50
     3     0     2276.00     3063.00        0.50
     3     0     2270.00     3059.00        0.50
     3     0     2262.00     3055.00        0.50
     3     0     2254.00     3051.00        0.50
     3     0     2248.00     3047.00        0.50
     3     0     2240.00     3043.00        0.50
     3     0     2232.00     3039.00        0.50
     3     0     2224.00     3035.00        0.50
     3     0     2214.00     3033.00        0.50
     3     0     2202.00     3027.00        0.50
     3     0     2192.00     3023.00        0.50
     3     0     2180.00     3019.00        0.50
     3     0     2172.00     3015.00        0.50
     3     0     2162.00     3013.00        0.50
     3     0     2156.00     3009.00        0.50
     3     0     2150.00     3005.00        0.50
     3     0     2144.00     3003.00        0.50
     3     0     2138.00     2999.00        0.50
     3     0     2132.00     2997.00        0.50
     3     0     2124.00     2993.00        0.50
     3     0     2116.00     2989.00        0.50
     3     0     2108.00     2985.00        0.50
     3     0     2102.00     2981.00        0.50
     3     0     2094.00     2977.00        0.50
     3     0     2086.00     2973.00        0.50
     3     0     2078.00     2971.00        0.50
     3     0     2070.00     2967.00        0.50
     3     0     2062.00     2963.00        0.50
     3     0     2054.00     2959.00        0.50
     3     0     2044.00     2955.00        0.50
     3     0     2036.00     2953.00        0.50
     3     0     2028.00     2949.00        0.50
     3     0     2020.00     2945.00        0.50
     3     0     2010.00     2941.00        0.50
     3     0     2000.00     2935.00        0.50
     3     0     1988.00     2931.00        0.50
     3     0     1980.00     2925.00        0.50
     3     0     1974.00     2921.00        0.50
     3     0     1966.00     2915.00        0.50
     3     0     1958.00     2909.00        0.50
     3     0     1952.00     2905.00        0.50
     3     0     1946.00     2901.00        0.50
     3     0     1942.00     2897.00        0.50
     3     0     1938.00     2891.00        0.50
     3     0     1934.00     2887.00        0.50
     3     0     1930.00     2883.00        0.50
     3     0     1924.00     2879.00        0.50
     3     0     1918.00     2875.00        0.50
     3     0     1912.00     2871.00        0.50
     3     0     1908.00     2867.00        0.50
     3     0     1902.00     2865.00        0.50
     3     0     1896.00     2861.00        0.50
     3     0     1890.00     2859.00        0.50
     3     0     1886.00     2855.00        0.50
     3     0     1880.00     2853.00        0.50
     3     0     1874.00     2851.00        0.50
     3     0     1870.00     2847.00        0.50
     3     0     1864.00     2845.00        0.50
     3     0     1858.00     2841.00        0.50
     3     0     1854.00     2837.00        0.50
     3     0     1848.00     2833.00        0.50
     3     0     1844.00     2829.00        0.50
     3     0     1840.00     2825.00        0.50
     3     0     1836.00     2819.00        0.50
     3     0     1832.00     2815.00        0.50
     3     0     1828.00     2809.00        0.50
     3     0     1824.00     2805.00        0.50
     3     0     1820.00     2801.00        0.50
     3     0     1814.00     2797.00        0.50
     3     0     1808.00     2795.00        0.50
     3     0     1802.00     2793.00        0.50
     3     0     1796.00     2791.00        0.50
     3     0     1790.00     2789.00        0.50
     3     0     1784.00     2787.00        0.50
     3     0     1776.00     2785.00        0.50
     3     0     1768.00     2783.00        0.50
     3     0     1760.00     2781.00        0.50
     3     0     1754.00     2777.00        0.50
     3     0     1746.00     2775.00        0.50
     3     0     1740.00     2771.00        0.50
     3     0     1732.00     2769.00        0.50
     3     0     1724.00     2765.00        0.50
     3     0     1716.00     2759.00        0.50
     3     0     1704.00     2755.00        0.50
     3     0     1692.00     2747.00        0.50
     3     0     1684.00     2743.00        0.50
     3     0     1676.00     2739.00        0.50
     3     0     1670.00     2737.00        0.50
     3     0     1664.00     2733.00        0.50
     3     0     1656.00     2731.00        0.50
     3     0     1646.00     2725.00        0.50
     3     0     1638.00     2723.00        0.50
     3     0     1632.00     2719.00        0.50
     3     0     1626.00     2717.00        0.50
     3     0     1620.00     2713.00        0.50
     3     0     1614.00     2711.00        0.50
     3     0     1608.00     2709.00        0.50
     3     0     1604.00     2705.00        0.50
     3     0     1598.00     2703.00        0.50
     3     0     1592.00     2699.00        0.50
     3     0     1586.00     2697.00        0.50
     3     0     1580.00     2693.00        0.50
     3     0     1570.00     2689.00        0.50
     3     0     1564.00     2685.00        0.50
     3     0     1558.00     2681.00        0.50
     3     0     1550.00     2679.00        0.50
     3     0     1542.00     2675.00        0.50
     3     0     1534.00     2671.00        0.50
     3     0     1528.00     2667.00        0.50
     3     0     1520.00     2665.00        0.50
     3     0     1516.00     2661.00        0.50
     3     0     1510.00     2659.00        0.50
     3     0     1506.00     2655.00        0.50
     3     0     1500.00     2653.00        0.50
     3     0     1496.00     2649.00        0.50
     3     0     1490.00     2647.00        0.50
     3     0     1486.00     2643.00        0.50
     3     0     1480.00     2641.00        0.50
     3     0     1474.00     2639.00        0.50
     3     0     1468.00     2637.00        0.50
     3     0     1462.00     2635.00        0.50
     3     0     1456.00     2633.00        0.50
     3     0     1450.00     2631.00        0.50
     3     0     1444.00     2631.00        0.50
     3     0     1438.00     2629.00        0.50
     3     1     1382.00     2427.00        0.50
     3     1     1380.00     2417.00        0.50
     3     1     1380.00     2411.00        0.50
     3     1     1380.00     2405.00        0.50
     3     1     1380.00     2399.00        0.50
     3     1     1382.00     2393.00        0.50
     3     1     1382.00     2383.00        0.50
     3     1     1384.00     2375.00        0.50
     3     1     1386.00     2369.00        0.50
     3     1     1388.00     2361.00        0.50
     3     1     1388.00     2355.00        0.50
     3     1     1392.00     2347.00        0.50
     3     1     1392.00     2339.00        0.50
     3     1     1396.00     2333.00        0.50
     3     1     1398.00     2325.00        0.50
     3     1     1400.00     2319.00        0.50
     3     1     1402.00     2311.00        0.50
     3     1     1406.00     2299.00        0.50
     3     1     1410.00     2289.00        0.50
     3     1     1414.00     2279.00        0.50
     3     1     1418.00     2271.00        0.50
     3     1     1420.00     2263.00        0.50
     3     1     1424.00     2259.00        0.50
     3     1     1426.00     2251.00        0.50
     3     1     1430.00     2245.00        0.50
     3     1     1434.00     2239.00        0.50
     3     1     1436.00     2233.00        0.50
     3     1     1438.00     2227.00        0.50
     3     1     1440.00     2221.00        0.50
     3     1     1446.00     2213.00        0.50
     3     1     1448.00     2207.00        0.50
     3     1     1452.00     2199.00        0.50
     3     1     1456.00     2193.00        0.50
     3     1     1460.00     2187.00        0.50
     3     1     1464.00     2179.00        0.50
     3     1     1468.00     2173.00        0.50
     3     1     1472.00     2169.00        0.50
     3     1     1476.00     2165.00        0.50
     3     1     1480.00     2161.00        0.50
     3     1     1488.00     2157.00        0.50
     3     1     1494.00     2153.00        0.50
     3     1     1498.00     2149.00        0.50
     3     1     1504.00     2145.00        0.50
     3     1     1512.00     2143.00        0.50
     3     1     1518.00     2139.00        0.50
     3     1     1524.00     2133.00        0.50
     3     1     1530.00     2127.00        0.50
     3     1     1540.00     2123.00        0.50
     3     1     1548.00     2119.00        0.50
     3     1     1556.00     2115.00        0.50
     3     1     1562.00     2111.00        0.50
     3     1     1570.00     2107.00        0.50
     3     1     1580.00     2103.00        0.50
     3     1     1590.00     2097.00        0.50
     3     1     1600.00     2095.00        0.50
     3     1     1610.00     2091.00        0.50
     3     1     1620.00     2087.00        0.50
     3     1     1628.00     2085.00        0.50
     3     1     1640.00     2083.00        0.50
     3     1     1652.00     2081.00        0.50
     3     1     1664.00     2079.00        0.50
     3     1     1680.00     2075.00        0.50
     3     1     1694.00     2073.00        0.50
     3     1     1708.00     2069.00        0.50
     3     1     1714.00     2069.00        0.50
     3     1     1726.00     2065.00        0.50
     3     1     1744.00     2063.00        0.50
     3     1     1758.00     2061.00        0.50
     3     1     1770.00     2059.00        0.50
     3     1     1782.00     2057.00        0.50
     3     1     1798.00     2055.00        0.50
     3     1     1812.00     2055.00        0.50
     3     1     1826.00     2057.00        0.50
     3     1     1836.00     2061.00        0.50
     3     1     1844.00     2063.00        0.50
     3     1     1852.00     2067.00        0.50
     3     1     1860.00     2071.00        0.50
     3     1     1868.00     2075.00        0.50
     3     1     1874.00     2077.00        0.50
     3     1     1882.00     2081.00        0.50
     3     1     1890.00     2087.00        0.50
     3     1     1898.00     2091.00        0.50
     3     1     1904.00     2095.00        0.50
     3     1     1912.00     2099.00        0.50
     3     1     1918.00     2103.00        0.50
     3     1     1924.00     2107.00        0.50
     3     1     1930.00     2109.00        0.50
     3     1     1934.00     2113.00        0.50
     3     1     1940.00     2115.00        0.50
     3     1     1974.00     2131.00        0.50
     3     1     1984.00     2135.00        0.50
     3     1     1992.00     2137.00        0.50
     3     1     2000.00     2141.00        0.50
     3     1     2014.00     2145.00        0.50
     3     1     2028.00     2151.00        0.50
     3     1     2042.00     2157.00        0.50
     3     1     2058.00     2165.00        0.50
     3     1     2072.00     2171.00        0.50
     3     1     2090.00     2181.00        0.50
     3     1     2106.00     2189.00        0.50
     3     1     2118.00     2199.00        0.50
     3     1     2130.00     2207.00        0.50
     3     1     2138.00     2213.00        0.50
     3     1     2144.00     2219.00        0.50
     3     1     2152.00     2225.00        0.50
     3     1     2160.00     2231.00        0.50
     3     1     2166.00     2235.00        0.50
     3     1     2172.00     2241.00        0.50
     3     1     2180.00     2247.00        0.50
     3     1     2186.00     2251.00        0.50
     3     1     2198.00     2259.00        0.50
     3     1     2206.00     2265.00        0.50
     3     1     2216.00     2269.00        0.50
     3     1     2224.00     2275.00        0.50
     3     1     2232.00     2279.00        0.50
     3     1     2240.00     2285.00        0.50
     3     1     2254.00     2293.00        0.50
     3     1     2264.00     2299.00        0.50
     3     1     2272.00     2305.00        0.50
     3     1     2282.00     2313.00        0.50
     3     1     2292.00     2319.00        0.50
     3     1     2304.00     2327.00        0.50
     3     1     2318.00     2337.00        0.50
     3     1     2332.00     2347.00        0.50
     3     1     2344.00     2355.00        0.50
     3     1     2358.00     2363.00        0.50
     3     1     2374.00     2373.00        0.50
     3     1     2388.00     2385.00        0.50
     3     1     2402.00     2397.00        0.50
     3     1     2412.00     2405.00        0.50
     3     1     2420.00     2413.00        0.50
     3     1     2428.00     2421.00        0.50
     3     1     2434.00     2427.00        0.50
     3     1     2442.00     2431.00        0.50
     3     1     2450.00     2435.00        0.50
     3     1     2456.00     2439.00        0.50
     3     1     2464.00     2441.00        0.50
     3     1     2474.00     2447.00        0.50
     3     1     2484.00     2453.00        0.50
     3     1     2490.00     2457.00        0.50
     3     1     2498.00     2463.00        0.50
     3     1     2506.00     2467.00        0.50
     3     1     2514.00     2471.00        0.50
     3     1     2522.00     2477.00        0.50
     3     1     2528.00     2481.00        0.50
