     0     0     2060.00      631.00        0.50
     0     0     2056.00      635.00        0.50
     0     0     2054.00      641.00        0.50
     0     0     2052.00      647.00        0.50
     0     0     2048.00      653.00        0.50
     0     0     2046.00      659.00        0.50
     0     0     2044.00      665.00        0.50
     0     0     2040.00      671.00        0.50
     0     0     2038.00      677.00        0.50
     0     0     2038.00      683.00        0.50
     0     0     2036.00      689.00        0.50
     0     0     2034.00      695.00        0.50
     0     0     2032.00      703.00        0.50
     0     0     2032.00      709.00        0.50
     0     0     2032.00      715.00        0.50
     0     0     2032.00      721.00        0.50
     0     0     2032.00      727.00        0.50
     0     0     2034.00      733.00        0.50
     0     0     2036.00      741.00        0.50
     0     0     2038.00      747.00        0.50
     0     0     2040.00      753.00        0.50
     0     0     2044.00      759.00        0.50
     0     0     2048.00      765.00        0.50
     0     0     2050.00      771.00        0.50
     0     0     2054.00      775.00        0.50
     0     0     2056.00      781.00        0.50
     0     0     2060.00      785.00        0.50
     0     0     2064.00      789.00        0.50
     0     0     2068.00      793.00        0.50
     0     0     2070.00      799.00        0.50
     0     0     2076.00      803.00        0.50
     0     0     2080.00      807.00        0.50
     0     0     2084.00      811.00        0.50
     0     0     2090.00      815.00        0.50
     0     0     2096.00      817.00        0.50
     0     0     2102.00      819.00        0.50
     0     0     2108.00      821.00        0.50
     0     0     2114.00      821.00        0.50
     0     0     2120.00      823.00        0.50
     0     0     2126.00      823.00        0.50
     0     0     2132.00      823.00        0.50
     0     0     2138.00      821.00        0.50
     0     0     2144.00      821.00        0.50
     0     0     2150.00      821.00        0.50
     0     0     2156.00      819.00        0.50
     0     0     2162.00      819.00        0.50
     0     0     2168.00      817.00        0.50
     0     0     2174.00      817.00        0.50
     0     0     2180.00      815.00        0.50
     0     0     2190.00      813.00        0.50
     0     0     2196.00      811.00        0.50
     0     0     2202.00      809.00        0.50
     0     0     2208.00      805.00        0.50
     0     0     2216.00      801.00        0.50
     0     0     2224.00      797.00        0.50
     0     0     2230.00      793.00        0.50
     0     0     2236.00      789.00        0.50
     0     0     2244.00      785.00        0.50
     0     0     2250.00      781.00        0.50
     0     0     2254.00      775.00        0.50
     0     0     2260.00      769.00        0.50
     0     0     2264.00      763.00        0.50
     0     0     2268.00      757.00        0.50
     0     0     2272.00      751.00        0.50
     0     0     2274.00      745.00        0.50
     0     0     2276.00      739.00        0.50
     0     0     2278.00      733.00        0.50
     0     0     2278.00      727.00        0.50
     0     0     2280.00      721.00        0.50
     0     0     2280.00      715.00        0.50
     0     0     2280.00      709.00        0.50
     0     0     2278.00      703.00        0.50
     0     0     2278.00      697.00        0.50
     0     0     2276.00      691.00        0.50
     0     0     2274.00      685.00        0.50
     0     0     2270.00      679.00        0.50
     0     0     2266.00      673.00        0.50
     0     0     2262.00      667.00        0.50
     0     0     2258.00      663.00        0.50
     0     0     2254.00      659.00        0.50
     0     0     2248.00      655.00        0.50
     0     0     2242.00      651.00        0.50
     0     0     2238.00      647.00        0.50
     0     0     2232.00      645.00        0.50
     0     0     2228.00      641.00        0.50
     0     0     2222.00      637.00        0.50
     0     0     2216.00      635.00        0.50
     0     0     2212.00      631.00        0.50
     0     0     2206.00      627.00        0.50
     0     0     2200.00      625.00        0.50
     0     0     2196.00      621.00        0.50
     0     0     2190.00      619.00        0.50
     0     0     2184.00      615.00        0.50
     0     0     2178.00      613.00        0.50
     0     0     2172.00      611.00        0.50
     0     0     2166.00      609.00        0.50
     0     0     2160.00      609.00        0.50
     0     0     2154.00      607.00        0.50
     0     0     2148.00      607.00        0.50
     0     0     2142.00      607.00        0.50
     0     0     2136.00      605.00        0.50
     0     0     2130.00      605.00        0.50
     0     0     2124.00      605.00        0.50
     0     0     2118.00      605.00        0.50
     0     0     2112.00      605.00        0.50
     0     0     2106.00      607.00        0.50
     0     0     2100.00      609.00        0.50
     0     0     2094.00      609.00        0.50
     0     0     2088.00      611.00        0.50
     0     0     2082.00      613.00        0.50
     1     0     2082.00      683.00        0.50
     1     0     2076.00      693.00        0.50
     1     0     2074.00      699.00        0.50
     1     0     2070.00      703.00        0.50
     1     0     2070.00      709.00        0.50
     1     0     2068.00      715.00        0.50
     1     0     2068.00      721.00        0.50
     1     0     2070.00      727.00        0.50
     1     0     2070.00      733.00        0.50
     1     0     2072.00      739.00        0.50
     1     0     2074.00      745.00        0.50
     1     0     2076.00      751.00        0.50
     1     0     2078.00      757.00        0.50
     1     0     2082.00      761.00        0.50
     1     0     2084.00      767.00        0.50
     1     0     2088.00      771.00        0.50
     1     0     2092.00      777.00        0.50
     1     0     2096.00      781.00        0.50
     1     0     2100.00      785.00        0.50
     1     0     2106.00      787.00        0.50
     1     0     2110.00      791.00        0.50
     1     0     2116.00      793.00        0.50
     1     0     2122.00      793.00        0.50
     1     0     2128.00      793.00        0.50
     1     0     2134.00      793.00        0.50
     1     0     2140.00      791.00        0.50
     1     0     2148.00      789.00        0.50
     1     0     2154.00      789.00        0.50
     1     0     2160.00      787.00        0.50
     1     0     2166.00      785.00        0.50
     1     0     2172.00      783.00        0.50
     1     0     2180.00      781.00        0.50
     1     0     2186.00      777.00        0.50
     1     0     2192.00      775.00        0.50
     1     0     2198.00      771.00        0.50
     1     0     2204.00      769.00        0.50
     1     0     2208.00      765.00        0.50
     1     0     2212.00      761.00        0.50
     1     0     2218.00      757.00        0.50
     1     0     2224.00      753.00        0.50
     1     0     2226.00      747.00        0.50
     1     0     2230.00      743.00        0.50
     1     0     2232.00      737.00        0.50
     1     0     2236.00      731.00        0.50
     1     0     2236.00      725.00        0.50
     1     0     2238.00      719.00        0.50
     1     0     2238.00      713.00        0.50
     1     0     2236.00      707.00        0.50
     1     0     2234.00      701.00        0.50
     1     0     2230.00      697.00        0.50
     1     0     2226.00      693.00        0.50
     1     0     2222.00      687.00        0.50
     1     0     2218.00      683.00        0.50
     1     0     2214.00      677.00        0.50
     1     0     2210.00      673.00        0.50
     1     0     2206.00      669.00        0.50
     1     0     2202.00      665.00        0.50
     1     0     2198.00      661.00        0.50
     1     0     2192.00      659.00        0.50
     1     0     2188.00      655.00        0.50
     1     0     2182.00      653.00        0.50
     1     0     2176.00      651.00        0.50
     1     0     2170.00      649.00        0.50
     1     0     2164.00      647.00        0.50
     1     0     2156.00      645.00        0.50
     1     0     2148.00      643.00        0.50
     1     0     2142.00      643.00        0.50
     1     0     2134.00      641.00        0.50
     1     0     2128.00      641.00        0.50
     1     0     2122.00      641.00        0.50
     1     0     2116.00      641.00        0.50
     1     0     2110.00      641.00        0.50
     1     0     2104.00      641.00        0.50
     1     0     2098.00      643.00        0.50
     1     0     2094.00      647.00        0.50
     1     0     2090.00      651.00        0.50
     1     0     2086.00      655.00        0.50
     1     0     2082.00      659.00        0.50
     2     0     1664.00     1215.00        0.50
     2     0     1674.00     1213.00        0.50
     2     0     1680.00     1211.00        0.50
     2     0     1690.00     1209.00        0.50
     2     0     1702.00     1207.00        0.50
     2     0     1708.00     1205.00        0.50
     2     0     1716.00     1203.00        0.50
     2     0     1726.00     1201.00        0.50
     2     0     1734.00     1199.00        0.50
     2     0     1742.00     1197.00        0.50
     2     0     1748.00     1195.00        0.50
     2     0     1754.00     1193.00        0.50
     2     0     1760.00     1191.00        0.50
     2     0     1766.00     1189.00        0.50
     2     0     1772.00     1187.00        0.50
     2     0     1778.00     1185.00        0.50
     2     0     1784.00     1183.00        0.50
     2     0     1788.00     1179.00        0.50
     2     0     1792.00     1175.00        0.50
     2     0     1798.00     1169.00        0.50
     2     0     1802.00     1165.00        0.50
     2     0     1808.00     1161.00        0.50
     2     0     1812.00     1157.00        0.50
     2     0     1818.00     1153.00        0.50
     2     0     1822.00     1149.00        0.50
     2     0     1828.00     1147.00        0.50
     2     0     1834.00     1143.00        0.50
     2     0     1840.00     1141.00        0.50
     2     0     1846.00     1137.00        0.50
     2     0     1852.00     1135.00        0.50
     2     0     1858.00     1133.00        0.50
     2     0     1864.00     1131.00        0.50
     2     0     1870.00     1127.00        0.50
     2     0     1878.00     1125.00        0.50
     2     0     1886.00     1123.00        0.50
     2     0     1894.00     1119.00        0.50
     2     0     1902.00     1115.00        0.50
     2     0     1910.00     1109.00        0.50
     2     0     1918.00     1105.00        0.50
     2     0     1928.00     1101.00        0.50
     2     0     1934.00     1097.00        0.50
     2     0     1940.00     1093.00        0.50
     2     0     1948.00     1089.00        0.50
     2     0     1956.00     1083.00        0.50
     2     0     1962.00     1079.00        0.50
     2     0     1968.00     1075.00        0.50
     2     0     1974.00     1071.00        0.50
     2     0     1980.00     1067.00        0.50
     2     0     1986.00     1063.00        0.50
     2     0     1996.00     1055.00        0.50
     2     0     2002.00     1051.00        0.50
     2     0     2008.00     1049.00        0.50
     2     0     2016.00     1045.00        0.50
     2     0     2020.00     1039.00        0.50
     2     0     2026.00     1037.00        0.50
     2     0     2034.00     1031.00        0.50
     2     0     2040.00     1025.00        0.50
     2     0     2048.00     1019.00        0.50
     2     0     2056.00     1013.00        0.50
     2     0     2064.00     1007.00        0.50
     2     0     2072.00     1003.00        0.50
     2     0     2078.00      997.00        0.50
     2     0     2082.00      993.00        0.50
     2     0     2088.00      989.00        0.50
     2     0     2094.00      987.00        0.50
     2     0     2098.00      983.00        0.50
     2     0     2104.00      983.00        0.50
     2     0     2110.00      981.00        0.50
     2     0     2116.00      981.00        0.50
     2     0     2122.00      983.00        0.50
     2     0     2128.00      983.00        0.50
     2     0     2134.00      983.00        0.50
     2     0     2140.00      983.00        0.50
     2     0     2146.00      983.00        0.50
     2     0     2152.00      981.00        0.50
     2     0     2158.00      979.00        0.50
     2     0     2164.00      977.00        0.50
     2     0     2172.00      973.00        0.50
     2     0     2176.00      969.00        0.50
     2     0     2182.00      965.00        0.50
     2     0     2186.00      961.00        0.50
     2     0     2190.00      957.00        0.50
     2     0     2194.00      953.00        0.50
     2     0     2194.00      947.00        0.50
     2     0     2196.00      941.00        0.50
     2     0     2198.00      935.00        0.50
     2     0     2202.00      931.00        0.50
     2     0     2208.00      929.00        0.50
     2     0     2214.00      927.00        0.50
     2     0     2222.00      923.00        0.50
     2     0     2232.00      919.00        0.50
     2     0     2242.00      915.00        0.50
     2     0     2254.00      911.00        0.50
     2     0     2266.00      905.00        0.50
     2     0     2276.00      901.00        0.50
     2     0     2286.00      897.00        0.50
     2     0     2294.00      893.00        0.50
     2     0     2304.00      889.00        0.50
     2     0     2310.00      887.00        0.50
     2     0     2316.00      883.00        0.50
     2     0     2322.00      881.00        0.50
     2     0     2326.00      877.00        0.50
     2     0     2330.00      873.00        0.50
     2     0     2336.00      871.00        0.50
     2     0     2342.00      867.00        0.50
     2     0     2348.00      865.00        0.50
     2     0     2354.00      861.00        0.50
     2     0     2360.00      857.00        0.50
     2     0     2366.00      853.00        0.50
     2     0     2372.00      851.00        0.50
     2     0     2378.00      851.00        0.50
     2     0     2384.00      851.00        0.50
     2     1     1758.00      887.00        0.50
     2     1     1766.00      881.00        0.50
     2     1     1770.00      877.00        0.50
     2     1     1774.00      873.00        0.50
     2     1     1780.00      869.00        0.50
     2     1     1784.00      865.00        0.50
     2     1     1790.00      861.00        0.50
     2     1     1794.00      857.00        0.50
     2     1     1800.00      853.00        0.50
     2     1     1806.00      847.00        0.50
     2     1     1812.00      843.00        0.50
     2     1     1818.00      837.00        0.50
     2     1     1824.00      833.00        0.50
     2     1     1828.00      829.00        0.50
     2     1     1834.00      823.00        0.50
     2     1     1840.00      817.00        0.50
     2     1     1846.00      811.00        0.50
     2     1     1854.00      805.00        0.50
     2     1     1858.00      797.00        0.50
     2     1     1864.00      791.00        0.50
     2     1     1868.00      785.00        0.50
     2     1     1872.00      777.00        0.50
     2     1     1878.00      769.00        0.50
     2     1     1882.00      763.00        0.50
     2     1     1886.00      757.00        0.50
     2     1     1890.00      749.00        0.50
     2     1     1894.00      743.00        0.50
     2     1     1898.00      735.00        0.50
     2     1     1902.00      729.00        0.50
     2     1     1908.00      719.00        0.50
     2     1     1912.00      711.00        0.50
     2     1     1916.00      701.00        0.50
     2     1     1922.00      693.00        0.50
     2     1     1926.00      687.00        0.50
     2     1     1930.00      679.00        0.50
     2     1     1932.00      673.00        0.50
     2     1     1934.00      667.00        0.50
     2     1     1936.00      661.00        0.50
     2     1     1938.00      655.00        0.50
     2     1     1940.00      649.00        0.50
     2     1     1940.00      643.00        0.50
     2     1     1942.00      637.00        0.50
     2     1     1942.00      629.00        0.50
     2     1     1944.00      623.00        0.50
     2     1     1944.00      617.00        0.50
     2     1     1944.00      609.00        0.50
     2     1     1944.00      603.00        0.50
     2     1     1942.00      597.00        0.50
     2     1     1942.00      591.00        0.50
     2     1     1940.00      585.00        0.50
     2     1     1938.00      579.00        0.50
     2     1     1936.00      573.00        0.50
     2     1     1934.00      567.00        0.50
     2     1     1932.00      561.00        0.50
     2     1     1928.00      555.00        0.50
     2     1     1924.00      549.00        0.50
     2     1     1922.00      543.00        0.50
     2     1     1920.00      537.00        0.50
     2     1     1916.00      531.00        0.50
     2     1     1914.00      525.00        0.50
     2     1     1912.00      519.00        0.50
     2     1     1910.00      513.00        0.50
     2     1     1910.00      507.00        0.50
     2     1     1910.00      501.00        0.50
     2     1     1908.00      495.00        0.50
     2     1     1908.00      489.00        0.50
     2     1     1906.00      483.00        0.50
     2     1     1906.00      477.00        0.50
     2     1     1904.00      471.00        0.50
     2     1     1902.00      465.00        0.50
     2     1     1902.00      459.00        0.50
     2     1     1900.00      453.00        0.50
     2     1     1898.00      447.00        0.50
     2     1     1896.00      441.00        0.50
     2     1     1894.00      435.00        0.50
     2     1     1892.00      427.00        0.50
     2     1     1890.00      421.00        0.50
     2     1     1886.00      413.00        0.50
     2     1     1884.00      405.00        0.50
     2     1     1880.00      395.00        0.50
     2     1     1874.00      385.00        0.50
     2     1     1870.00      377.00        0.50
     2     1     1868.00      369.00        0.50
     2     1     1862.00      361.00        0.50
     2     1     1858.00      355.00        0.50
     2     1     1852.00      349.00        0.50
     2     1     1848.00      341.00        0.50
     2     1     1844.00      337.00        0.50
     2     1     1840.00      333.00        0.50
     2     1     1836.00      327.00        0.50
     2     1     1832.00      321.00        0.50
     2     1     1828.00      317.00        0.50
     2     1     1824.00      313.00        0.50
     2     1     1820.00      309.00        0.50
     2     1     1816.00      303.00        0.50
     2     1     1812.00      297.00        0.50
     2     1     1808.00      293.00        0.50
     2     1     1806.00      287.00        0.50
     2     1     1802.00      283.00        0.50
     2     1     1798.00      277.00        0.50
     2     1     1796.00      271.00        0.50
     2     1     1792.00      265.00        0.50
     2     1     1790.00      259.00        0.50
     2     1     1788.00      253.00        0.50
     2     1     1788.00      247.00        0.50
     2     1     1788.00      241.00        0.50
     2     1     1788.00      235.00        0.50
     2     1     1788.00      229.00        0.50
     2     1     1786.00      223.00        0.50
     2     1     1786.00      217.00        0.50
     2     1     1784.00      211.00        0.50
     3     0     1688.00     1237.00        0.50
     3     0     1698.00     1235.00        0.50
     3     0     1704.00     1233.00        0.50
     3     0     1710.00     1231.00        0.50
     3     0     1716.00     1229.00        0.50
     3     0     1722.00     1227.00        0.50
     3     0     1730.00     1225.00        0.50
     3     0     1736.00     1223.00        0.50
     3     0     1744.00     1221.00        0.50
     3     0     1750.00     1219.00        0.50
     3     0     1760.00     1215.00        0.50
     3     0     1766.00     1215.00        0.50
     3     0     1772.00     1213.00        0.50
     3     0     1778.00     1211.00        0.50
     3     0     1784.00     1209.00        0.50
     3     0     1790.00     1207.00        0.50
     3     0     1796.00     1205.00        0.50
     3     0     1802.00     1201.00        0.50
     3     0     1808.00     1199.00        0.50
     3     0     1812.00     1195.00        0.50
     3     0     1818.00     1193.00        0.50
     3     0     1824.00     1189.00        0.50
     3     0     1830.00     1185.00        0.50
     3     0     1836.00     1181.00        0.50
     3     0     1842.00     1177.00        0.50
     3     0     1846.00     1173.00        0.50
     3     0     1850.00     1169.00        0.50
     3     0     1856.00     1167.00        0.50
     3     0     1860.00     1163.00        0.50
     3     0     1866.00     1159.00        0.50
     3     0     1872.00     1155.00        0.50
     3     0     1878.00     1151.00        0.50
     3     0     1884.00     1149.00        0.50
     3     0     1888.00     1145.00        0.50
     3     0     1892.00     1141.00        0.50
     3     0     1896.00     1137.00        0.50
     3     0     1902.00     1133.00        0.50
     3     0     1908.00     1129.00        0.50
     3     0     1914.00     1125.00        0.50
     3     0     1920.00     1123.00        0.50
     3     0     1926.00     1119.00        0.50
     3     0     1932.00     1117.00        0.50
     3     0     1938.00     1113.00        0.50
     3     0     1944.00     1109.00        0.50
     3     0     1950.00     1107.00        0.50
     3     0     1956.00     1103.00        0.50
     3     0     1960.00     1099.00        0.50
     3     0     1966.00     1099.00        0.50
     3     0     1972.00     1097.00        0.50
     3     0     1978.00     1093.00        0.50
     3     0     1982.00     1089.00        0.50
     3     0     2012.00     1067.00        0.50
     3     0     2022.00     1063.00        0.50
     3     0     2028.00     1059.00        0.50
     3     0     2034.00     1057.00        0.50
     3     0     2040.00     1055.00        0.50
     3     0     2046.00     1051.00        0.50
     3     0     2052.00     1049.00        0.50
     3     0     2058.00     1047.00        0.50
     3     0     2062.00     1043.00        0.50
     3     0     2068.00     1041.00        0.50
     3     0     2072.00     1037.00        0.50
     3     0     2078.00     1033.00        0.50
     3     0     2084.00     1029.00        0.50
     3     0     2090.00     1025.00        0.50
     3     0     2096.00     1021.00        0.50
     3     0     2102.00     1017.00        0.50
     3     0     2108.00     1015.00        0.50
     3     0     2114.00     1013.00        0.50
     3     0     2120.00     1013.00        0.50
     3     0     2126.00     1011.00        0.50
     3     0     2132.00     1009.00        0.50
     3     0     2138.00     1009.00        0.50
     3     0     2144.00     1007.00        0.50
     3     0     2150.00     1005.00        0.50
     3     0     2156.00     1003.00        0.50
     3     0     2162.00     1001.00        0.50
     3     0     2168.00      999.00        0.50
     3     0     2174.00      997.00        0.50
     3     0     2180.00      993.00        0.50
     3     0     2188.00      987.00        0.50
     3     0     2198.00      981.00        0.50
     3     0     2204.00      979.00        0.50
     3     0     2208.00      975.00        0.50
     3     0     2214.00      973.00        0.50
     3     0     2218.00      969.00        0.50
     3     0     2222.00      965.00        0.50
     3     0     2226.00      961.00        0.50
     3     0     2232.00      957.00        0.50
     3     0     2236.00      953.00        0.50
     3     0     2242.00      953.00        0.50
     3     0     2248.00      951.00        0.50
     3     0     2254.00      949.00        0.50
     3     0     2260.00      947.00        0.50
     3     0     2266.00      945.00        0.50
     3     0     2272.00      943.00        0.50
     3     0     2276.00      939.00        0.50
     3     0     2282.00      937.00        0.50
     3     0     2288.00      933.00        0.50
     3     0     2292.00      929.00        0.50
     3     0     2298.00      927.00        0.50
     3     0     2302.00      923.00        0.50
     3     0     2310.00      917.00        0.50
     3     0     2316.00      913.00        0.50
     3     0     2322.00      909.00        0.50
     3     0     2330.00      903.00        0.50
     3     0     2336.00      899.00        0.50
     3     0     2344.00      895.00        0.50
     3     0     2354.00      891.00        0.50
     3     0     2362.00      887.00        0.50
     3     0     2368.00      883.00        0.50
     3     0     2374.00      881.00        0.50
     3     0     2380.00      877.00        0.50
     3     0     2386.00      875.00        0.50
     3     1     1756.00      861.00        0.50
     3     1     1762.00      857.00        0.50
     3     1     1768.00      853.00        0.50
     3     1     1772.00      849.00        0.50
     3     1     1778.00      845.00        0.50
     3     1     1782.00      841.00        0.50
     3     1     1788.00      837.00        0.50
     3     1     1792.00      833.00        0.50
     3     1     1800.00      829.00        0.50
     3     1     1804.00      825.00        0.50
     3     1     1808.00      821.00        0.50
     3     1     1812.00      817.00        0.50
     3     1     1816.00      813.00        0.50
     3     1     1820.00      809.00        0.50
     3     1     1824.00      805.00        0.50
     3     1     1828.00      799.00        0.50
     3     1     1832.00      795.00        0.50
     3     1     1836.00      791.00        0.50
     3     1     1840.00      785.00        0.50
     3     1     1844.00      781.00        0.50
     3     1     1848.00      777.00        0.50
     3     1     1852.00      773.00        0.50
     3     1     1856.00      769.00        0.50
     3     1     1860.00      763.00        0.50
     3     1     1864.00      759.00        0.50
     3     1     1868.00      753.00        0.50
     3     1     1872.00      747.00        0.50
     3     1     1876.00      743.00        0.50
     3     1     1878.00      737.00        0.50
     3     1     1882.00      733.00        0.50
     3     1     1884.00      727.00        0.50
     3     1     1888.00      723.00        0.50
     3     1     1890.00      717.00        0.50
     3     1     1894.00      713.00        0.50
     3     1     1896.00      707.00        0.50
     3     1     1900.00      703.00        0.50
     3     1     1902.00      697.00        0.50
     3     1     1904.00      691.00        0.50
     3     1     1906.00      685.00        0.50
     3     1     1908.00      679.00        0.50
     3     1     1910.00      673.00        0.50
     3     1     1912.00      667.00        0.50
     3     1     1912.00      661.00        0.50
     3     1     1914.00      655.00        0.50
     3     1     1914.00      649.00        0.50
     3     1     1914.00      643.00        0.50
     3     1     1914.00      637.00        0.50
     3     1     1914.00      631.00        0.50
     3     1     1912.00      625.00        0.50
     3     1     1910.00      617.00        0.50
     3     1     1910.00      611.00        0.50
     3     1     1908.00      605.00        0.50
     3     1     1908.00      599.00        0.50
     3     1     1906.00      591.00        0.50
     3     1     1906.00      585.00        0.50
     3     1     1904.00      579.00        0.50
     3     1     1902.00      573.00        0.50
     3     1     1900.00      567.00        0.50
     3     1     1900.00      561.00        0.50
     3     1     1898.00      555.00        0.50
     3     1     1896.00      549.00        0.50
     3     1     1894.00      543.00        0.50
     3     1     1892.00      537.00        0.50
     3     1     1890.00      531.00        0.50
     3     1     1890.00      525.00        0.50
     3     1     1886.00      519.00        0.50
     3     1     1884.00      513.00        0.50
     3     1     1884.00      507.00        0.50
     3     1     1882.00      501.00        0.50
     3     1     1880.00      495.00        0.50
     3     1     1878.00      489.00        0.50
     3     1     1876.00      483.00        0.50
     3     1     1874.00      477.00        0.50
     3     1     1872.00      471.00        0.50
     3     1     1870.00      465.00        0.50
     3     1     1868.00      457.00        0.50
     3     1     1864.00      451.00        0.50
     3     1     1862.00      445.00        0.50
     3     1     1860.00      437.00        0.50
     3     1     1856.00      431.00        0.50
     3     1     1854.00      425.00        0.50
     3     1     1852.00      419.00        0.50
     3     1     1848.00      415.00        0.50
     3     1     1846.00      407.00        0.50
     3     1     1842.00      401.00        0.50
     3     1     1838.00      395.00        0.50
     3     1     1836.00      389.00        0.50
     3     1     1832.00      385.00        0.50
     3     1     1830.00      379.00        0.50
     3     1     1826.00      375.00        0.50
     3     1     1824.00      369.00        0.50
     3     1     1820.00      365.00        0.50
     3     1     1818.00      359.00        0.50
     3     1     1814.00      355.00        0.50
     3     1     1810.00      349.00        0.50
     3     1     1806.00      343.00        0.50
     3     1     1802.00      339.00        0.50
     3     1     1798.00      335.00        0.50
     3     1     1796.00      329.00        0.50
     3     1     1792.00      323.00        0.50
     3     1     1788.00      319.00        0.50
     3     1     1786.00      313.00        0.50
     3     1     1782.00      309.00        0.50
     3     1     1780.00      303.00        0.50
     3     1     1778.00      297.00        0.50
     3     1     1776.00      291.00        0.50
     3     1     1774.00      285.00        0.50
     3     1     1772.00      279.00        0.50
     3     1     1770.00      273.00        0.50
     3     1     1770.00      267.00        0.50
     3     1     1770.00      261.00        0.50
     3     1     1770.00      255.00        0.50
     3     1     1770.00      249.00        0.50
     3     1     1770.00      243.00        0.50
     3     1     1770.00      237.00        0.50
     3     1     1772.00      231.00        0.50
     3     1     1772.00      225.00        0.50
