     0     0     2985.00     1688.67        0.50
     0     0     2981.00     1690.00        0.50
     0     0     2978.33     1692.67        0.50
     0     0     2975.67     1695.33        0.50
     0     0     2973.00     1698.00        0.50
     0     0     2970.33     1700.67        0.50
     0     0     2967.67     1703.33        0.50
     0     0     2965.00     1706.00        0.50
     0     0     2961.00     1708.67        0.50
     0     0     2958.33     1711.33        0.50
     0     0     2955.67     1714.00        0.50
     0     0     2953.00     1716.67        0.50
     0     0     2950.33     1720.67        0.50
     0     0     2947.67     1724.67        0.50
     0     0     2945.00     1728.67        0.50
     0     0     2942.33     1732.67        0.50
     0     0     2939.67     1736.67        0.50
     0     0     2937.00     1740.67        0.50
     0     0     2934.33     1743.33        0.50
     0     0     2933.00     1747.33        0.50
     0     0     2930.33     1750.00        0.50
     0     0     2927.67     1752.67        0.50
     0     0     2925.00     1756.67        0.50
     0     0     2922.33     1760.67        0.50
     0     0     2919.67     1763.33        0.50
     0     0     2917.00     1766.00        0.50
     0     0     2914.33     1770.00        0.50
     0     0     2910.33     1774.00        0.50
     0     0     2906.33     1776.67        0.50
     0     0     2903.67     1779.33        0.50
     0     0     2899.67     1780.67        0.50
     0     0     2895.67     1783.33        0.50
     0     0     2891.67     1784.67        0.50
     0     0     2886.33     1786.00        0.50
     0     0     2882.33     1787.33        0.50
     0     0     2875.67     1788.67        0.50
     0     0     2869.00     1790.00        0.50
     0     0     2865.00     1791.33        0.50
     0     0     2859.67     1791.33        0.50
     0     0     2855.67     1792.67        0.50
     0     0     2850.33     1792.67        0.50
     0     0     2846.33     1792.67        0.50
     0     0     2839.67     1792.67        0.50
     0     0     2834.33     1792.67        0.50
     0     0     2827.67     1791.33        0.50
     0     0     2822.33     1791.33        0.50
     0     0     2818.33     1790.00        0.50
     0     0     2813.00     1788.67        0.50
     0     0     2807.67     1787.33        0.50
     0     0     2802.33     1786.00        0.50
     0     0     2798.33     1784.67        0.50
     0     0     2794.33     1783.33        0.50
     0     0     2790.33     1782.00        0.50
     0     0     2786.33     1779.33        0.50
     0     0     2782.33     1778.00        0.50
     0     0     2779.67     1775.33        0.50
     0     0     2777.00     1772.67        0.50
     0     0     2774.33     1770.00        0.50
     0     0     2771.67     1767.33        0.50
     0     0     2770.33     1763.33        0.50
     0     0     2767.67     1760.67        0.50
     0     0     2766.33     1756.67        0.50
     0     0     2763.67     1754.00        0.50
     0     0     2762.33     1750.00        0.50
     0     0     2761.00     1746.00        0.50
     0     0     2758.33     1742.00        0.50
     0     0     2757.00     1738.00        0.50
     0     0     2755.67     1734.00        0.50
     0     0     2753.00     1730.00        0.50
     0     0     2753.00     1726.00        0.50
     0     0     2751.67     1720.67        0.50
     0     0     2750.33     1715.33        0.50
     0     0     2750.33     1708.67        0.50
     0     0     2749.00     1703.33        0.50
     0     0     2749.00     1699.33        0.50
     0     0     2749.00     1695.33        0.50
     0     0     2749.00     1691.33        0.50
     0     0     2749.00     1687.33        0.50
     0     0     2750.33     1683.33        0.50
     0     0     2751.67     1678.00        0.50
     0     0     2753.00     1671.33        0.50
     0     0     2755.67     1664.67        0.50
     0     0     2757.00     1659.33        0.50
     0     0     2759.67     1654.00        0.50
     0     0     2762.33     1648.67        0.50
     0     0     2763.67     1644.67        0.50
     0     0     2766.33     1642.00        0.50
     0     0     2769.00     1638.00        0.50
     0     0     2771.67     1634.00        0.50
     0     0     2775.67     1628.67        0.50
     0     0     2779.67     1623.33        0.50
     0     0     2783.67     1619.33        0.50
     0     0     2786.33     1615.33        0.50
     0     0     2790.33     1612.67        0.50
     0     0     2794.33     1608.67        0.50
     0     0     2798.33     1606.00        0.50
     0     0     2802.33     1602.00        0.50
     0     0     2809.00     1596.67        0.50
     0     0     2814.33     1594.00        0.50
     0     0     2819.67     1591.33        0.50
     0     0     2825.00     1588.67        0.50
     0     0     2830.33     1586.00        0.50
     0     0     2838.33     1584.67        0.50
     0     0     2843.67     1583.33        0.50
     0     0     2847.67     1583.33        0.50
     0     0     2853.00     1583.33        0.50
     0     0     2858.33     1583.33        0.50
     0     0     2862.33     1584.67        0.50
     0     0     2870.33     1584.67        0.50
     0     0     2875.67     1586.00        0.50
     0     0     2882.33     1587.33        0.50
     0     0     2886.33     1587.33        0.50
     0     0     2890.33     1588.67        0.50
     0     0     2894.33     1588.67        0.50
     0     0     2899.67     1591.33        0.50
     0     0     2903.67     1592.67        0.50
     0     0     2909.00     1594.00        0.50
     0     0     2914.33     1596.67        0.50
     0     0     2918.33     1598.00        0.50
     0     0     2922.33     1599.33        0.50
     0     0     2926.33     1600.67        0.50
     0     0     2930.33     1602.00        0.50
     0     0     2934.33     1603.33        0.50
     1     0     2950.33     1680.67        0.50
     1     0     2945.00     1686.00        0.50
     1     0     2942.33     1688.67        0.50
     1     0     2939.67     1691.33        0.50
     1     0     2937.00     1695.33        0.50
     1     0     2934.33     1698.00        0.50
     1     0     2931.67     1702.00        0.50
     1     0     2930.33     1706.00        0.50
     1     0     2927.67     1708.67        0.50
     1     0     2925.00     1712.67        0.50
     1     0     2922.33     1716.67        0.50
     1     0     2919.67     1720.67        0.50
     1     0     2917.00     1723.33        0.50
     1     0     2914.33     1726.00        0.50
     1     0     2911.67     1728.67        0.50
     1     0     2909.00     1732.67        0.50
     1     0     2906.33     1735.33        0.50
     1     0     2903.67     1738.00        0.50
     1     0     2899.67     1740.67        0.50
     1     0     2897.00     1743.33        0.50
     1     0     2894.33     1746.00        0.50
     1     0     2890.33     1750.00        0.50
     1     0     2886.33     1752.67        0.50
     1     0     2882.33     1754.00        0.50
     1     0     2879.67     1756.67        0.50
     1     0     2875.67     1758.00        0.50
     1     0     2871.67     1759.33        0.50
     1     0     2867.67     1759.33        0.50
     1     0     2862.33     1760.67        0.50
     1     0     2858.33     1762.00        0.50
     1     0     2854.33     1762.00        0.50
     1     0     2850.33     1762.00        0.50
     1     0     2845.00     1762.00        0.50
     1     0     2841.00     1762.00        0.50
     1     0     2837.00     1762.00        0.50
     1     0     2831.67     1760.67        0.50
     1     0     2827.67     1759.33        0.50
     1     0     2822.33     1759.33        0.50
     1     0     2818.33     1758.00        0.50
     1     0     2814.33     1756.67        0.50
     1     0     2810.33     1755.33        0.50
     1     0     2806.33     1754.00        0.50
     1     0     2803.67     1751.33        0.50
     1     0     2799.67     1750.00        0.50
     1     0     2797.00     1747.33        0.50
     1     0     2794.33     1744.67        0.50
     1     0     2791.67     1742.00        0.50
     1     0     2789.00     1739.33        0.50
     1     0     2787.67     1735.33        0.50
     1     0     2785.00     1731.33        0.50
     1     0     2783.67     1727.33        0.50
     1     0     2783.67     1723.33        0.50
     1     0     2783.67     1719.33        0.50
     1     0     2783.67     1715.33        0.50
     1     0     2782.33     1711.33        0.50
     1     0     2782.33     1707.33        0.50
     1     0     2782.33     1703.33        0.50
     1     0     2783.67     1699.33        0.50
     1     0     2783.67     1695.33        0.50
     1     0     2785.00     1691.33        0.50
     1     0     2786.33     1687.33        0.50
     1     0     2787.67     1683.33        0.50
     1     0     2789.00     1679.33        0.50
     1     0     2790.33     1675.33        0.50
     1     0     2791.67     1671.33        0.50
     1     0     2793.00     1667.33        0.50
     1     0     2794.33     1663.33        0.50
     1     0     2797.00     1659.33        0.50
     1     0     2799.67     1655.33        0.50
     1     0     2802.33     1651.33        0.50
     1     0     2805.00     1647.33        0.50
     1     0     2807.67     1643.33        0.50
     1     0     2810.33     1639.33        0.50
     1     0     2813.00     1636.67        0.50
     1     0     2815.67     1634.00        0.50
     1     0     2819.67     1631.33        0.50
     1     0     2823.67     1630.00        0.50
     1     0     2827.67     1627.33        0.50
     1     0     2831.67     1626.00        0.50
     1     0     2834.33     1623.33        0.50
     1     0     2838.33     1620.67        0.50
     1     0     2842.33     1619.33        0.50
     1     0     2846.33     1618.00        0.50
     1     0     2850.33     1616.67        0.50
     1     0     2854.33     1615.33        0.50
     1     0     2858.33     1614.00        0.50
     1     0     2862.33     1614.00        0.50
     1     0     2866.33     1614.00        0.50
     1     0     2870.33     1614.00        0.50
     1     0     2874.33     1614.00        0.50
     1     0     2879.67     1615.33        0.50
     1     0     2883.67     1615.33        0.50
     1     0     2887.67     1616.67        0.50
     1     0     2891.67     1616.67        0.50
     1     0     2897.00     1618.00        0.50
     1     0     2901.00     1619.33        0.50
     1     0     2906.33     1620.67        0.50
     1     0     2910.33     1622.00        0.50
     1     0     2914.33     1623.33        0.50
     1     0     2917.00     1626.00        0.50
     1     0     2921.00     1628.67        0.50
     1     0     2923.67     1631.33        0.50
     1     0     2926.33     1634.00        0.50
     1     0     2929.00     1636.67        0.50
     2     0     3374.33     3660.67        0.50
     2     0     3367.67     3664.67        0.50
     2     0     3365.00     3667.33        0.50
     2     0     3362.33     3670.00        0.50
     2     0     3359.67     3672.67        0.50
     2     0     3357.00     3676.67        0.50
     2     0     3354.33     3682.00        0.50
     2     0     3349.00     3687.33        0.50
     2     0     3346.33     3692.67        0.50
     2     0     3343.67     3698.00        0.50
     2     0     3339.67     3703.33        0.50
     2     0     3337.00     3707.33        0.50
     2     0     3334.33     3711.33        0.50
     2     0     3330.33     3716.67        0.50
     2     0     3327.67     3720.67        0.50
     2     0     3323.67     3723.33        0.50
     2     0     3318.33     3727.33        0.50
     2     0     3314.33     3730.00        0.50
     2     0     3310.33     3732.67        0.50
     2     0     3306.33     3735.33        0.50
     2     0     3302.33     3735.33        0.50
     2     0     3295.67     3738.00        0.50
     2     0     3290.33     3738.00        0.50
     2     0     3283.67     3739.33        0.50
     2     0     3278.33     3739.33        0.50
     2     0     3273.00     3740.67        0.50
     2     0     3267.67     3740.67        0.50
     2     0     3262.33     3742.00        0.50
     2     0     3257.00     3743.33        0.50
     2     0     3253.00     3743.33        0.50
     2     0     3247.67     3744.67        0.50
     2     0     3242.33     3746.00        0.50
     2     0     3238.33     3747.33        0.50
     2     0     3231.67     3748.67        0.50
     2     0     3226.33     3751.33        0.50
     2     0     3221.00     3752.67        0.50
     2     0     3214.33     3754.00        0.50
     2     0     3207.67     3755.33        0.50
     2     0     3203.67     3756.67        0.50
     2     0     3197.00     3759.33        0.50
     2     0     3191.67     3760.67        0.50
     2     0     3186.33     3760.67        0.50
     2     0     3182.33     3762.00        0.50
     2     0     3178.33     3763.33        0.50
     2     0     3173.00     3764.67        0.50
     2     0     3167.67     3766.00        0.50
     2     0     3163.67     3767.33        0.50
     2     0     3159.67     3768.67        0.50
     2     0     3154.33     3768.67        0.50
     2     0     3150.33     3770.00        0.50
     2     0     3145.00     3771.33        0.50
     2     0     3138.33     3772.67        0.50
     2     0     3130.33     3774.00        0.50
     2     0     3123.67     3775.33        0.50
     2     0     3119.67     3775.33        0.50
     2     0     3114.33     3776.67        0.50
     2     0     3109.00     3776.67        0.50
     2     0     3102.33     3778.00        0.50
     2     0     3094.33     3779.33        0.50
     2     0     3087.67     3780.67        0.50
     2     0     3082.33     3780.67        0.50
     2     0     3075.67     3780.67        0.50
     2     0     3070.33     3782.00        0.50
     2     0     3065.00     3782.00        0.50
     2     0     3059.67     3782.00        0.50
     2     0     3054.33     3782.00        0.50
     2     0     3049.00     3782.00        0.50
     2     0     3043.67     3780.67        0.50
     2     0     3038.33     3780.67        0.50
     2     0     3031.67     3778.00        0.50
     2     0     3026.33     3776.67        0.50
     2     0     3021.00     3775.33        0.50
     2     0     3017.00     3772.67        0.50
     2     0     3013.00     3771.33        0.50
     2     0     3007.67     3770.00        0.50
     2     0     3003.67     3768.67        0.50
     2     0     2995.67     3766.00        0.50
     2     0     2991.67     3764.67        0.50
     2     0     2987.67     3762.00        0.50
     2     0     2982.33     3760.67        0.50
     2     0     2978.33     3758.00        0.50
     2     0     2971.67     3755.33        0.50
     2     0     2966.33     3752.67        0.50
     2     0     2961.00     3751.33        0.50
     2     0     2955.67     3748.67        0.50
     2     0     2951.67     3746.00        0.50
     2     0     2947.67     3743.33        0.50
     2     0     2943.67     3742.00        0.50
     2     0     2939.67     3739.33        0.50
     2     0     2935.67     3738.00        0.50
     2     0     2931.67     3735.33        0.50
     2     0     2927.67     3734.00        0.50
     2     0     2925.00     3731.33        0.50
     2     0     2919.67     3730.00        0.50
     2     0     2914.33     3726.00        0.50
     2     0     2909.00     3723.33        0.50
     2     0     2903.67     3720.67        0.50
     2     0     2899.67     3719.33        0.50
     2     0     2897.00     3716.67        0.50
     2     0     2891.67     3714.00        0.50
     2     0     2886.33     3712.67        0.50
     2     0     2882.33     3710.00        0.50
     2     0     2878.33     3707.33        0.50
     2     0     2873.00     3704.67        0.50
     2     0     2869.00     3700.67        0.50
     2     0     2863.67     3698.00        0.50
     2     0     2858.33     3694.00        0.50
     2     0     2854.33     3691.33        0.50
     2     0     2850.33     3688.67        0.50
     2     0     2846.33     3684.67        0.50
     2     0     2842.33     3682.00        0.50
     2     0     2839.67     3679.33        0.50
     2     0     2835.67     3675.33        0.50
     2     0     2831.67     3672.67        0.50
     2     0     2829.00     3670.00        0.50
     2     0     2826.33     3666.00        0.50
     2     0     2822.33     3663.33        0.50
     2     0     2819.67     3658.00        0.50
     2     0     2815.67     3651.33        0.50
     2     0     2811.67     3646.00        0.50
     2     0     2807.67     3640.67        0.50
     2     0     2805.00     3635.33        0.50
     2     0     2802.33     3630.00        0.50
     2     0     2798.33     3626.00        0.50
     2     0     2795.67     3622.00        0.50
     2     0     2793.00     3618.00        0.50
     2     0     2789.00     3615.33        0.50
     2     0     2786.33     3612.67        0.50
     2     0     2782.33     3610.00        0.50
     2     0     2779.67     3607.33        0.50
     2     0     2774.33     3604.67        0.50
     2     0     2771.67     3602.00        0.50
     2     0     2767.67     3599.33        0.50
     2     0     2763.67     3595.33        0.50
     2     0     2761.00     3591.33        0.50
     2     0     2757.00     3586.00        0.50
     2     0     2754.33     3582.00        0.50
     2     0     2751.67     3578.00        0.50
     2     0     2749.00     3574.00        0.50
     2     0     2746.33     3568.67        0.50
     2     0     2742.33     3563.33        0.50
     2     0     2738.33     3555.33        0.50
     2     0     2735.67     3550.00        0.50
     2     0     2734.33     3546.00        0.50
     2     0     2733.00     3542.00        0.50
     2     0     2730.33     3538.00        0.50
     2     0     2729.00     3534.00        0.50
     2     0     2727.67     3530.00        0.50
     2     0     2725.00     3527.33        0.50
     2     0     2723.67     3523.33        0.50
     2     0     2721.00     3518.00        0.50
     2     0     2719.67     3514.00        0.50
     2     0     2717.00     3510.00        0.50
     2     0     2713.00     3503.33        0.50
     2     0     2710.33     3496.67        0.50
     2     0     2707.67     3490.00        0.50
     2     0     2705.00     3483.33        0.50
     2     0     2703.67     3476.67        0.50
     2     0     2701.00     3468.67        0.50
     2     0     2698.33     3460.67        0.50
     2     0     2697.00     3454.00        0.50
     2     0     2694.33     3448.67        0.50
     2     0     2693.00     3442.00        0.50
     2     0     2691.67     3436.67        0.50
     2     0     2689.00     3431.33        0.50
     2     0     2686.33     3422.00        0.50
     2     0     2685.00     3415.33        0.50
     2     0     2683.67     3407.33        0.50
     2     0     2681.00     3399.33        0.50
     2     0     2679.67     3391.33        0.50
     2     0     2678.33     3382.00        0.50
     2     0     2677.00     3371.33        0.50
     2     0     2677.00     3360.67        0.50
     2     0     2677.00     3351.33        0.50
     2     0     2678.33     3340.67        0.50
     2     0     2678.33     3330.00        0.50
     2     0     2678.33     3322.00        0.50
     2     0     2678.33     3312.67        0.50
     2     0     2678.33     3306.00        0.50
     2     0     2678.33     3300.67        0.50
     2     0     2678.33     3295.33        0.50
     2     0     2678.33     3290.00        0.50
     2     0     2678.33     3286.00        0.50
     2     0     2678.33     3279.33        0.50
     2     0     2679.67     3271.33        0.50
     2     0     2681.00     3263.33        0.50
     2     0     2682.33     3255.33        0.50
     2     0     2683.67     3247.33        0.50
     2     0     2683.67     3239.33        0.50
     2     0     2686.33     3230.00        0.50
     2     0     2686.33     3222.00        0.50
     2     0     2687.67     3215.33        0.50
     2     0     2689.00     3208.67        0.50
     2     0     2690.33     3200.67        0.50
     2     0     2691.67     3194.00        0.50
     2     0     2693.00     3187.33        0.50
     2     0     2694.33     3182.00        0.50
     2     0     2695.67     3178.00        0.50
     2     0     2698.33     3174.00        0.50
     2     0     2699.67     3170.00        0.50
     2     0     2702.33     3166.00        0.50
     2     0     2703.67     3162.00        0.50
     2     0     2705.00     3158.00        0.50
     2     0     2706.33     3154.00        0.50
     2     0     2707.67     3150.00        0.50
     2     0     2709.00     3146.00        0.50
     2     0     2710.33     3142.00        0.50
     2     0     2711.67     3138.00        0.50
     2     0     2711.67     3134.00        0.50
     2     0     2713.00     3130.00        0.50
     2     0     2713.00     3124.67        0.50
     2     0     2713.00     3120.67        0.50
     2     0     2713.00     3116.67        0.50
     2     0     2713.00     3111.33        0.50
     2     0     2713.00     3107.33        0.50
     2     0     2713.00     3103.33        0.50
     2     0     2714.33     3098.00        0.50
     2     0     2714.33     3092.67        0.50
     2     0     2717.00     3090.00        0.50
     2     0     2721.00     3084.67        0.50
     2     0     2722.33     3080.67        0.50
     2     0     2725.00     3078.00        0.50
     2     0     2731.67     3052.67        0.50
     2     0     2733.00     3046.00        0.50
     2     0     2734.33     3040.67        0.50
     2     0     2735.67     3035.33        0.50
     2     0     2737.00     3027.33        0.50
     2     0     2739.67     3015.33        0.50
     2     0     2742.33     3004.67        0.50
     2     0     2743.67     2995.33        0.50
     2     0     2747.67     2984.67        0.50
     2     0     2750.33     2971.33        0.50
     2     0     2751.67     2967.33        0.50
     2     0     2755.67     2958.00        0.50
     2     0     2761.00     2944.67        0.50
     2     0     2765.00     2938.00        0.50
     2     0     2769.00     2928.67        0.50
     2     0     2774.33     2920.67        0.50
     2     0     2777.00     2916.67        0.50
     3     0     3331.67     3640.67        0.50
     3     0     3326.33     3646.00        0.50
     3     0     3322.33     3648.67        0.50
     3     0     3319.67     3651.33        0.50
     3     0     3315.67     3654.00        0.50
     3     0     3313.00     3656.67        0.50
     3     0     3310.33     3659.33        0.50
     3     0     3307.67     3662.00        0.50
     3     0     3305.00     3664.67        0.50
     3     0     3302.33     3667.33        0.50
     3     0     3299.67     3671.33        0.50
     3     0     3297.00     3674.00        0.50
     3     0     3293.00     3678.00        0.50
     3     0     3289.00     3679.33        0.50
     3     0     3286.33     3682.00        0.50
     3     0     3281.00     3684.67        0.50
     3     0     3277.00     3687.33        0.50
     3     0     3271.67     3690.00        0.50
     3     0     3266.33     3692.67        0.50
     3     0     3259.67     3696.67        0.50
     3     0     3254.33     3699.33        0.50
     3     0     3249.00     3702.00        0.50
     3     0     3243.67     3706.00        0.50
     3     0     3239.67     3708.67        0.50
     3     0     3235.67     3710.00        0.50
     3     0     3231.67     3712.67        0.50
     3     0     3226.33     3714.00        0.50
     3     0     3222.33     3716.67        0.50
     3     0     3217.00     3719.33        0.50
     3     0     3213.00     3720.67        0.50
     3     0     3209.00     3723.33        0.50
     3     0     3202.33     3726.00        0.50
     3     0     3197.00     3727.33        0.50
     3     0     3193.00     3730.00        0.50
     3     0     3186.33     3732.67        0.50
     3     0     3181.00     3734.00        0.50
     3     0     3175.67     3735.33        0.50
     3     0     3169.00     3738.00        0.50
     3     0     3162.33     3739.33        0.50
     3     0     3157.00     3740.67        0.50
     3     0     3151.67     3742.00        0.50
     3     0     3146.33     3743.33        0.50
     3     0     3141.00     3744.67        0.50
     3     0     3133.00     3746.00        0.50
     3     0     3129.00     3747.33        0.50
     3     0     3125.00     3747.33        0.50
     3     0     3118.33     3748.67        0.50
     3     0     3113.00     3748.67        0.50
     3     0     3109.00     3748.67        0.50
     3     0     3103.67     3750.00        0.50
     3     0     3098.33     3750.00        0.50
     3     0     3094.33     3750.00        0.50
     3     0     3090.33     3750.00        0.50
     3     0     3086.33     3748.67        0.50
     3     0     3082.33     3748.67        0.50
     3     0     3078.33     3748.67        0.50
     3     0     3074.33     3747.33        0.50
     3     0     3070.33     3747.33        0.50
     3     0     3065.00     3747.33        0.50
     3     0     3059.67     3746.00        0.50
     3     0     3054.33     3746.00        0.50
     3     0     3049.00     3744.67        0.50
     3     0     3045.00     3744.67        0.50
     3     0     3039.67     3743.33        0.50
     3     0     3034.33     3742.00        0.50
     3     0     3029.00     3742.00        0.50
     3     0     3025.00     3740.67        0.50
     3     0     3021.00     3739.33        0.50
     3     0     3014.33     3738.00        0.50
     3     0     3010.33     3736.67        0.50
     3     0     3006.33     3735.33        0.50
     3     0     3002.33     3734.00        0.50
     3     0     2998.33     3731.33        0.50
     3     0     2994.33     3730.00        0.50
     3     0     2990.33     3728.67        0.50
     3     0     2987.67     3726.00        0.50
     3     0     2983.67     3724.67        0.50
     3     0     2979.67     3723.33        0.50
     3     0     2975.67     3720.67        0.50
     3     0     2970.33     3719.33        0.50
     3     0     2966.33     3716.67        0.50
     3     0     2962.33     3715.33        0.50
     3     0     2958.33     3714.00        0.50
     3     0     2953.00     3711.33        0.50
     3     0     2947.67     3708.67        0.50
     3     0     2942.33     3706.00        0.50
     3     0     2938.33     3703.33        0.50
     3     0     2933.00     3700.67        0.50
     3     0     2927.67     3698.00        0.50
     3     0     2923.67     3695.33        0.50
     3     0     2917.00     3691.33        0.50
     3     0     2910.33     3687.33        0.50
     3     0     2906.33     3684.67        0.50
     3     0     2902.33     3683.33        0.50
     3     0     2899.67     3680.67        0.50
     3     0     2897.00     3678.00        0.50
     3     0     2894.33     3674.00        0.50
     3     0     2889.00     3670.00        0.50
     3     0     2883.67     3664.67        0.50
     3     0     2879.67     3659.33        0.50
     3     0     2875.67     3655.33        0.50
     3     0     2870.33     3651.33        0.50
     3     0     2866.33     3648.67        0.50
     3     0     2863.67     3644.67        0.50
     3     0     2857.00     3640.67        0.50
     3     0     2853.00     3638.00        0.50
     3     0     2849.00     3635.33        0.50
     3     0     2846.33     3632.67        0.50
     3     0     2842.33     3631.33        0.50
     3     0     2838.33     3627.33        0.50
     3     0     2834.33     3624.67        0.50
     3     0     2830.33     3622.00        0.50
     3     0     2826.33     3618.00        0.50
     3     0     2819.67     3615.33        0.50
     3     0     2814.33     3612.67        0.50
     3     0     2810.33     3607.33        0.50
     3     0     2806.33     3603.33        0.50
     3     0     2801.00     3598.00        0.50
     3     0     2798.33     3592.67        0.50
     3     0     2793.00     3587.33        0.50
     3     0     2790.33     3583.33        0.50
     3     0     2787.67     3578.00        0.50
     3     0     2785.00     3574.00        0.50
     3     0     2782.33     3570.00        0.50
     3     0     2781.00     3566.00        0.50
     3     0     2779.67     3562.00        0.50
     3     0     2777.00     3558.00        0.50
     3     0     2774.33     3552.67        0.50
     3     0     2771.67     3548.67        0.50
     3     0     2769.00     3544.67        0.50
     3     0     2766.33     3539.33        0.50
     3     0     2763.67     3535.33        0.50
     3     0     2762.33     3531.33        0.50
     3     0     2759.67     3527.33        0.50
     3     0     2757.00     3522.00        0.50
     3     0     2754.33     3518.00        0.50
     3     0     2753.00     3512.67        0.50
     3     0     2750.33     3507.33        0.50
     3     0     2747.67     3502.00        0.50
     3     0     2745.00     3498.00        0.50
     3     0     2742.33     3491.33        0.50
     3     0     2739.67     3486.00        0.50
     3     0     2737.00     3480.67        0.50
     3     0     2734.33     3474.00        0.50
     3     0     2731.67     3468.67        0.50
     3     0     2730.33     3462.00        0.50
     3     0     2726.33     3455.33        0.50
     3     0     2725.00     3450.00        0.50
     3     0     2723.67     3444.67        0.50
     3     0     2722.33     3438.00        0.50
     3     0     2721.00     3432.67        0.50
     3     0     2721.00     3426.00        0.50
     3     0     2719.67     3416.67        0.50
     3     0     2719.67     3408.67        0.50
     3     0     2718.33     3402.00        0.50
     3     0     2718.33     3394.00        0.50
     3     0     2717.00     3386.00        0.50
     3     0     2717.00     3378.00        0.50
     3     0     2717.00     3368.67        0.50
     3     0     2717.00     3363.33        0.50
     3     0     2717.00     3358.00        0.50
     3     0     2715.67     3351.33        0.50
     3     0     2715.67     3346.00        0.50
     3     0     2715.67     3340.67        0.50
     3     0     2715.67     3332.67        0.50
     3     0     2715.67     3327.33        0.50
     3     0     2715.67     3320.67        0.50
     3     0     2717.00     3315.33        0.50
     3     0     2717.00     3310.00        0.50
     3     0     2717.00     3306.00        0.50
     3     0     2718.33     3302.00        0.50
     3     0     2719.67     3296.67        0.50
     3     0     2721.00     3292.67        0.50
     3     0     2722.33     3288.67        0.50
     3     0     2722.33     3284.67        0.50
     3     0     2723.67     3280.67        0.50
     3     0     2723.67     3274.00        0.50
     3     0     2723.67     3266.00        0.50
     3     0     2725.00     3258.00        0.50
     3     0     2726.33     3250.00        0.50
     3     0     2726.33     3243.33        0.50
     3     0     2726.33     3238.00        0.50
     3     0     2726.33     3232.67        0.50
     3     0     2726.33     3228.67        0.50
     3     0     2726.33     3224.67        0.50
     3     0     2725.00     3220.67        0.50
     3     0     2725.00     3216.67        0.50
     3     0     2725.00     3211.33        0.50
     3     0     2725.00     3204.67        0.50
     3     0     2725.00     3199.33        0.50
     3     0     2725.00     3194.00        0.50
     3     0     2726.33     3187.33        0.50
     3     0     2727.67     3180.67        0.50
     3     0     2729.00     3176.67        0.50
     3     0     2731.67     3172.67        0.50
     3     0     2733.00     3168.67        0.50
     3     0     2734.33     3164.67        0.50
     3     0     2735.67     3160.67        0.50
     3     0     2737.00     3156.67        0.50
     3     0     2738.33     3152.67        0.50
     3     0     2739.67     3147.33        0.50
     3     0     2741.00     3140.67        0.50
     3     0     2742.33     3134.00        0.50
     3     0     2743.67     3128.67        0.50
     3     0     2745.00     3124.67        0.50
     3     0     2746.33     3120.67        0.50
     3     0     2746.33     3116.67        0.50
     3     0     2749.00     3102.00        0.50
     3     0     2749.00     3094.00        0.50
     3     0     2749.00     3090.00        0.50
     3     0     2749.00     3086.00        0.50
     3     0     2749.00     3080.67        0.50
     3     0     2749.00     3075.33        0.50
     3     0     2750.33     3068.67        0.50
     3     0     2751.67     3060.67        0.50
     3     0     2753.00     3054.00        0.50
     3     0     2755.67     3044.67        0.50
     3     0     2759.67     3038.00        0.50
     3     0     2762.33     3034.00        0.50
     3     0     2766.33     3030.00        0.50
     3     0     2769.00     3024.67        0.50
     3     0     2773.00     3019.33        0.50
     3     0     2778.33     3012.67        0.50
     3     0     2782.33     3006.00        0.50
     3     0     2785.00     2999.33        0.50
     3     0     2787.67     2992.67        0.50
     3     0     2791.67     2984.67        0.50
     3     0     2794.33     2975.33        0.50
     3     0     2797.00     2968.67        0.50
     3     0     2799.67     2960.67        0.50
     3     0     2801.00     2955.33        0.50
     3     0     2801.00     2948.67        0.50
     3     0     2802.33     2943.33        0.50
     3     0     2803.67     2938.00        0.50
     3     0     2805.00     2932.67        0.50
     3     0     2805.00     2928.67        0.50
     3     0     2806.33     2924.67        0.50
     3     0     2809.00     2922.00        0.50
