     0     0     2600.00     2334.00        0.50
     0     0     2612.00     2330.00        0.50
     0     0     2620.00     2322.00        0.50
     0     0     2628.00     2314.00        0.50
     0     0     2636.00     2306.00        0.50
     0     0     2648.00     2302.00        0.50
     0     0     2656.00     2294.00        0.50
     0     0     2668.00     2294.00        0.50
     0     0     2680.00     2294.00        0.50
     0     0     2692.00     2294.00        0.50
     0     0     2704.00     2298.00        0.50
     0     0     2716.00     2302.00        0.50
     0     0     2724.00     2310.00        0.50
     0     0     2736.00     2314.00        0.50
     0     0     2744.00     2322.00        0.50
     0     0     2752.00     2330.00        0.50
     0     0     2760.00     2338.00        0.50
     0     0     2772.00     2346.00        0.50
     0     0     2776.00     2358.00        0.50
     0     0     2784.00     2366.00        0.50
     0     0     2788.00     2378.00        0.50
     0     0     2796.00     2386.00        0.50
     0     0     2796.00     2398.00        0.50
     0     0     2804.00     2406.00        0.50
     0     0     2804.00     2418.00        0.50
     0     0     2804.00     2430.00        0.50
     0     0     2804.00     2442.00        0.50
     0     0     2804.00     2454.00        0.50
     0     0     2800.00     2466.00        0.50
     0     0     2800.00     2478.00        0.50
     0     0     2796.00     2490.00        0.50
     0     0     2792.00     2502.00        0.50
     0     0     2792.00     2514.00        0.50
     0     0     2788.00     2526.00        0.50
     0     0     2784.00     2538.00        0.50
     0     0     2780.00     2550.00        0.50
     0     0     2776.00     2562.00        0.50
     0     0     2772.00     2574.00        0.50
     0     0     2768.00     2586.00        0.50
     0     0     2764.00     2598.00        0.50
     0     0     2760.00     2610.00        0.50
     0     0     2756.00     2622.00        0.50
     0     0     2748.00     2630.00        0.50
     0     0     2740.00     2638.00        0.50
     0     0     2728.00     2646.00        0.50
     0     0     2716.00     2650.00        0.50
     0     0     2704.00     2654.00        0.50
     0     0     2692.00     2658.00        0.50
     0     0     2680.00     2658.00        0.50
     0     0     2668.00     2658.00        0.50
     0     0     2656.00     2654.00        0.50
     0     0     2644.00     2650.00        0.50
     0     0     2632.00     2646.00        0.50
     0     0     2624.00     2638.00        0.50
     0     0     2612.00     2634.00        0.50
     0     0     2600.00     2626.00        0.50
     0     0     2588.00     2618.00        0.50
     0     0     2580.00     2610.00        0.50
     0     0     2572.00     2602.00        0.50
     0     0     2564.00     2594.00        0.50
     0     0     2552.00     2590.00        0.50
     0     0     2544.00     2582.00        0.50
     0     0     2540.00     2570.00        0.50
     0     0     2536.00     2558.00        0.50
     0     0     2532.00     2546.00        0.50
     0     0     2528.00     2534.00        0.50
     0     0     2528.00     2522.00        0.50
     0     0     2528.00     2510.00        0.50
     0     1     4000.00     3238.00        0.50
     0     1     3988.00     3246.00        0.50
     0     1     3976.00     3250.00        0.50
     0     1     3964.00     3250.00        0.50
     0     1     3952.00     3250.00        0.50
     0     1     3940.00     3250.00        0.50
     0     1     3928.00     3246.00        0.50
     0     1     3916.00     3246.00        0.50
     0     1     3908.00     3238.00        0.50
     0     1     3896.00     3234.00        0.50
     0     1     3888.00     3226.00        0.50
     0     1     3876.00     3222.00        0.50
     0     1     3868.00     3214.00        0.50
     0     1     3864.00     3202.00        0.50
     0     1     3856.00     3190.00        0.50
     0     1     3852.00     3178.00        0.50
     0     1     3848.00     3166.00        0.50
     0     1     3844.00     3154.00        0.50
     0     1     3844.00     3142.00        0.50
     0     1     3844.00     3130.00        0.50
     0     1     3844.00     3118.00        0.50
     0     1     3844.00     3106.00        0.50
     0     1     3844.00     3094.00        0.50
     0     1     3848.00     3082.00        0.50
     0     1     3852.00     3070.00        0.50
     0     1     3860.00     3062.00        0.50
     0     1     3868.00     3050.00        0.50
     0     1     3876.00     3042.00        0.50
     0     1     3884.00     3034.00        0.50
     0     1     3896.00     3030.00        0.50
     0     1     3904.00     3022.00        0.50
     0     1     3916.00     3022.00        0.50
     0     1     3928.00     3018.00        0.50
     0     1     3940.00     3014.00        0.50
     0     1     3952.00     3014.00        0.50
     0     1     3964.00     3014.00        0.50
     0     1     3976.00     3014.00        0.50
     0     1     3988.00     3022.00        0.50
     0     1     4000.00     3030.00        0.50
     0     1     4008.00     3038.00        0.50
     0     1     4016.00     3046.00        0.50
     0     1     4024.00     3054.00        0.50
     0     1     4032.00     3062.00        0.50
     0     1     4036.00     3074.00        0.50
     0     1     4044.00     3082.00        0.50
     0     1     4048.00     3094.00        0.50
     0     1     4052.00     3106.00        0.50
     0     1     4056.00     3118.00        0.50
     0     1     4056.00     3130.00        0.50
     0     1     4060.00     3142.00        0.50
     0     1     4060.00     3154.00        0.50
     0     1     4056.00     3166.00        0.50
     0     1     4056.00     3178.00        0.50
     0     1     4048.00     3190.00        0.50
     0     1     4044.00     3202.00        0.50
     1     0     2584.00     2538.00        0.50
     1     0     2588.00     2550.00        0.50
     1     0     2596.00     2558.00        0.50
     1     0     2600.00     2570.00        0.50
     1     0     2608.00     2578.00        0.50
     1     0     2616.00     2590.00        0.50
     1     0     2620.00     2602.00        0.50
     1     0     2632.00     2606.00        0.50
     1     0     2644.00     2614.00        0.50
     1     0     2656.00     2614.00        0.50
     1     0     2668.00     2618.00        0.50
     1     0     2680.00     2618.00        0.50
     1     0     2692.00     2618.00        0.50
     1     0     2704.00     2614.00        0.50
     1     0     2716.00     2606.00        0.50
     1     0     2724.00     2598.00        0.50
     1     0     2732.00     2590.00        0.50
     1     0     2740.00     2582.00        0.50
     1     0     2748.00     2574.00        0.50
     1     0     2752.00     2562.00        0.50
     1     0     2760.00     2550.00        0.50
     1     0     2764.00     2538.00        0.50
     1     0     2764.00     2526.00        0.50
     1     0     2764.00     2514.00        0.50
     1     0     2768.00     2502.00        0.50
     1     0     2768.00     2490.00        0.50
     1     0     2768.00     2478.00        0.50
     1     0     2768.00     2466.00        0.50
     1     0     2768.00     2454.00        0.50
     1     0     2768.00     2442.00        0.50
     1     0     2764.00     2430.00        0.50
     1     0     2764.00     2418.00        0.50
     1     0     2760.00     2406.00        0.50
     1     0     2760.00     2394.00        0.50
     1     0     2756.00     2382.00        0.50
     1     0     2748.00     2374.00        0.50
     1     0     2744.00     2362.00        0.50
     1     0     2736.00     2354.00        0.50
     1     0     2728.00     2346.00        0.50
     1     0     2716.00     2342.00        0.50
     1     0     2704.00     2342.00        0.50
     1     0     2692.00     2342.00        0.50
     1     0     2680.00     2342.00        0.50
     1     0     2668.00     2350.00        0.50
     1     0     2656.00     2358.00        0.50
     1     0     2644.00     2362.00        0.50
     1     0     2636.00     2370.00        0.50
     1     0     2628.00     2378.00        0.50
     1     0     2616.00     2378.00        0.50
     1     0     2608.00     2386.00        0.50
     2     0     1692.00     2526.00        0.50
     2     0     1700.00     2518.00        0.50
     2     0     1708.00     2510.00        0.50
     2     0     1716.00     2502.00        0.50
     2     0     1724.00     2494.00        0.50
     2     0     1728.00     2482.00        0.50
     2     0     1736.00     2474.00        0.50
     2     0     1744.00     2466.00        0.50
     2     0     1748.00     2454.00        0.50
     2     0     1756.00     2446.00        0.50
     2     0     1760.00     2434.00        0.50
     2     0     1768.00     2426.00        0.50
     2     0     1772.00     2414.00        0.50
     2     0     1780.00     2406.00        0.50
     2     0     1780.00     2394.00        0.50
     2     0     1788.00     2386.00        0.50
     2     0     1796.00     2378.00        0.50
     2     0     1800.00     2366.00        0.50
     2     0     1808.00     2358.00        0.50
     2     0     1816.00     2350.00        0.50
     2     0     1820.00     2338.00        0.50
     2     0     1828.00     2330.00        0.50
     2     0     1836.00     2322.00        0.50
     2     0     1840.00     2310.00        0.50
     2     0     1844.00     2298.00        0.50
     2     0     1852.00     2290.00        0.50
     2     0     1852.00     2278.00        0.50
     2     0     1856.00     2266.00        0.50
     2     0     1864.00     2258.00        0.50
     2     0     1864.00     2246.00        0.50
     2     0     1868.00     2234.00        0.50
     2     0     1872.00     2222.00        0.50
     2     0     1876.00     2210.00        0.50
     2     0     1880.00     2198.00        0.50
     2     0     1884.00     2186.00        0.50
     2     0     1884.00     2174.00        0.50
     2     0     1888.00     2162.00        0.50
     2     0     1888.00     2150.00        0.50
     2     1     1660.00     2950.00        0.50
     2     1     1664.00     2930.00        0.50
     2     1     1664.00     2918.00        0.50
     2     1     1664.00     2906.00        0.50
     2     1     1664.00     2894.00        0.50
     2     1     1664.00     2882.00        0.50
     2     1     1664.00     2870.00        0.50
     2     1     1664.00     2858.00        0.50
     2     1     1664.00     2846.00        0.50
     2     1     1664.00     2834.00        0.50
     2     1     1664.00     2822.00        0.50
     2     1     1668.00     2810.00        0.50
     2     1     1668.00     2798.00        0.50
     2     1     1672.00     2786.00        0.50
     2     1     1672.00     2774.00        0.50
     2     1     1676.00     2762.00        0.50
     2     1     1680.00     2750.00        0.50
     2     1     1680.00     2738.00        0.50
     2     1     1688.00     2726.00        0.50
     2     1     1688.00     2714.00        0.50
     2     1     1696.00     2706.00        0.50
     2     1     1700.00     2694.00        0.50
     2     1     1704.00     2682.00        0.50
     2     1     1712.00     2674.00        0.50
     2     1     1716.00     2662.00        0.50
     2     1     1724.00     2654.00        0.50
     2     1     1728.00     2642.00        0.50
     2     1     1732.00     2630.00        0.50
     2     1     1740.00     2622.00        0.50
     2     1     1744.00     2610.00        0.50
     2     1     1748.00     2598.00        0.50
     2     1     1752.00     2586.00        0.50
     2     1     1760.00     2578.00        0.50
     2     1     1764.00     2566.00        0.50
     2     1     1768.00     2554.00        0.50
     2     1     1772.00     2542.00        0.50
     2     1     1776.00     2530.00        0.50
     2     1     1784.00     2522.00        0.50
     2     1     1788.00     2510.00        0.50
     2     1     1788.00     2498.00        0.50
     2     1     1796.00     2490.00        0.50
     2     1     1800.00     2478.00        0.50
     2     1     1804.00     2466.00        0.50
     2     1     1808.00     2454.00        0.50
     2     1     1816.00     2446.00        0.50
     2     1     1820.00     2434.00        0.50
     2     1     1828.00     2426.00        0.50
     2     1     1832.00     2414.00        0.50
     2     1     1840.00     2406.00        0.50
     2     1     1848.00     2394.00        0.50
     2     1     1852.00     2382.00        0.50
     2     1     1860.00     2374.00        0.50
     2     1     1868.00     2366.00        0.50
     2     1     1876.00     2354.00        0.50
     2     1     1884.00     2346.00        0.50
     2     1     1892.00     2338.00        0.50
     2     1     1900.00     2326.00        0.50
     2     1     1904.00     2314.00        0.50
     2     1     1912.00     2306.00        0.50
     2     1     1916.00     2294.00        0.50
     2     1     1924.00     2286.00        0.50
     2     1     1924.00     2274.00        0.50
     2     1     1932.00     2266.00        0.50
     2     1     1936.00     2254.00        0.50
     2     1     1940.00     2242.00        0.50
     2     1     1944.00     2230.00        0.50
     2     1     1952.00     2218.00        0.50
     2     1     1956.00     2206.00        0.50
     2     1     1960.00     2194.00        0.50
     2     1     1960.00     2182.00        0.50
     2     1     1964.00     2170.00        0.50
     2     1     1968.00     2158.00        0.50
     2     1     1968.00     2146.00        0.50
     2     1     1972.00     2134.00        0.50
     2     1     1972.00     2122.00        0.50
     2     1     1972.00     2110.00        0.50
     2     1     1976.00     2098.00        0.50
     2     1     1976.00     2086.00        0.50
     2     1     1980.00     2074.00        0.50
     2     1     1980.00     2062.00        0.50
     2     1     1984.00     2050.00        0.50
     2     1     1984.00     2038.00        0.50
     2     1     1988.00     2026.00        0.50
     2     1     1988.00     2014.00        0.50
     2     1     1992.00     2002.00        0.50
     2     1     1992.00     1990.00        0.50
     2     1     1996.00     1978.00        0.50
     2     1     2000.00     1966.00        0.50
     2     1     2000.00     1954.00        0.50
     2     1     2004.00     1942.00        0.50
     2     1     2008.00     1930.00        0.50
     2     2       48.00     1946.00        0.50
     2     2       56.00     1954.00        0.50
     2     2       60.00     1966.00        0.50
     2     2       68.00     1974.00        0.50
     2     2       76.00     1982.00        0.50
     2     2       84.00     1990.00        0.50
     2     2       96.00     1994.00        0.50
     2     2      104.00     2002.00        0.50
     2     2      116.00     2006.00        0.50
     2     2      124.00     2014.00        0.50
     2     2      136.00     2018.00        0.50
     2     2      144.00     2026.00        0.50
     2     2      156.00     2030.00        0.50
     2     2      168.00     2034.00        0.50
     2     2      176.00     2042.00        0.50
     2     2      188.00     2046.00        0.50
     2     2      200.00     2050.00        0.50
     2     2      212.00     2054.00        0.50
     2     2      224.00     2058.00        0.50
     2     2      236.00     2058.00        0.50
     2     2      248.00     2062.00        0.50
     2     2      260.00     2062.00        0.50
     2     2      272.00     2062.00        0.50
     2     2      284.00     2062.00        0.50
     2     2      296.00     2066.00        0.50
     2     2      308.00     2066.00        0.50
     2     2      320.00     2066.00        0.50
     2     2      332.00     2066.00        0.50
     2     2      344.00     2066.00        0.50
     2     2      356.00     2070.00        0.50
     2     2      368.00     2070.00        0.50
     2     2      380.00     2070.00        0.50
     2     2      392.00     2070.00        0.50
     2     2      404.00     2066.00        0.50
     2     2      416.00     2066.00        0.50
     2     2      428.00     2062.00        0.50
     2     2      440.00     2062.00        0.50
     2     2      452.00     2058.00        0.50
     2     2      464.00     2058.00        0.50
     2     2      476.00     2058.00        0.50
     2     2      488.00     2058.00        0.50
     3     0       80.00     1918.00        0.50
     3     0       88.00     1926.00        0.50
     3     0       92.00     1938.00        0.50
     3     0      100.00     1946.00        0.50
     3     0      108.00     1954.00        0.50
     3     0      112.00     1966.00        0.50
     3     0      120.00     1974.00        0.50
     3     0      132.00     1982.00        0.50
     3     0      140.00     1990.00        0.50
     3     0      152.00     1994.00        0.50
     3     0      160.00     2002.00        0.50
     3     0      172.00     2006.00        0.50
     3     0      184.00     2010.00        0.50
     3     0      196.00     2014.00        0.50
     3     0      208.00     2014.00        0.50
     3     0      220.00     2018.00        0.50
     3     0      232.00     2022.00        0.50
     3     0      244.00     2026.00        0.50
     3     0      256.00     2030.00        0.50
     3     0      268.00     2034.00        0.50
     3     0      280.00     2038.00        0.50
     3     0      292.00     2042.00        0.50
     3     0      304.00     2042.00        0.50
     3     0      316.00     2046.00        0.50
     3     0      328.00     2046.00        0.50
     3     0      340.00     2046.00        0.50
     3     0      352.00     2046.00        0.50
     3     0      364.00     2042.00        0.50
     3     0      376.00     2038.00        0.50
     3     0      388.00     2034.00        0.50
     3     0      400.00     2030.00        0.50
     3     0      412.00     2026.00        0.50
     3     0      420.00     2018.00        0.50
     3     0      432.00     2018.00        0.50
     3     0      444.00     2014.00        0.50
     3     0      456.00     2014.00        0.50
     3     0      468.00     2018.00        0.50
     3     1     1668.00     2490.00        0.50
     3     1     1680.00     2478.00        0.50
     3     1     1688.00     2466.00        0.50
     3     1     1692.00     2454.00        0.50
     3     1     1700.00     2446.00        0.50
     3     1     1708.00     2438.00        0.50
     3     1     1712.00     2426.00        0.50
     3     1     1720.00     2418.00        0.50
     3     1     1724.00     2406.00        0.50
     3     1     1732.00     2398.00        0.50
     3     1     1740.00     2390.00        0.50
     3     1     1748.00     2382.00        0.50
     3     1     1756.00     2374.00        0.50
     3     1     1760.00     2362.00        0.50
     3     1     1768.00     2354.00        0.50
     3     1     1776.00     2346.00        0.50
     3     1     1784.00     2338.00        0.50
     3     1     1788.00     2326.00        0.50
     3     1     1796.00     2318.00        0.50
     3     1     1804.00     2306.00        0.50
     3     1     1812.00     2298.00        0.50
     3     1     1820.00     2286.00        0.50
     3     1     1828.00     2278.00        0.50
     3     1     1832.00     2266.00        0.50
     3     1     1840.00     2258.00        0.50
     3     1     1848.00     2246.00        0.50
     3     1     1856.00     2238.00        0.50
     3     2     1700.00     2926.00        0.50
     3     2     1700.00     2914.00        0.50
     3     2     1700.00     2902.00        0.50
     3     2     1700.00     2890.00        0.50
     3     2     1700.00     2878.00        0.50
     3     2     1704.00     2866.00        0.50
     3     2     1704.00     2854.00        0.50
     3     2     1704.00     2842.00        0.50
     3     2     1708.00     2830.00        0.50
     3     2     1708.00     2818.00        0.50
     3     2     1712.00     2806.00        0.50
     3     2     1712.00     2794.00        0.50
     3     2     1708.00     2782.00        0.50
     3     2     1716.00     2774.00        0.50
     3     2     1720.00     2762.00        0.50
     3     2     1724.00     2750.00        0.50
     3     2     1732.00     2742.00        0.50
     3     2     1736.00     2730.00        0.50
     3     2     1744.00     2722.00        0.50
     3     2     1748.00     2710.00        0.50
     3     2     1756.00     2702.00        0.50
     3     2     1760.00     2690.00        0.50
     3     2     1768.00     2682.00        0.50
     3     2     1772.00     2670.00        0.50
     3     2     1780.00     2662.00        0.50
     3     2     1784.00     2650.00        0.50
     3     2     1788.00     2638.00        0.50
     3     2     1796.00     2630.00        0.50
     3     2     1800.00     2618.00        0.50
     3     2     1804.00     2606.00        0.50
     3     2     1808.00     2594.00        0.50
     3     2     1812.00     2582.00        0.50
     3     2     1820.00     2570.00        0.50
     3     2     1824.00     2558.00        0.50
     3     2     1828.00     2546.00        0.50
     3     2     1836.00     2534.00        0.50
     3     2     1840.00     2522.00        0.50
     3     2     1844.00     2510.00        0.50
     3     2     1852.00     2498.00        0.50
     3     2     1856.00     2486.00        0.50
     3     2     1860.00     2474.00        0.50
     3     2     1864.00     2462.00        0.50
     3     2     1872.00     2454.00        0.50
     3     2     1876.00     2442.00        0.50
     3     2     1880.00     2430.00        0.50
     3     2     1888.00     2422.00        0.50
     3     2     1892.00     2410.00        0.50
     3     2     1900.00     2402.00        0.50
     3     2     1904.00     2390.00        0.50
     3     2     1912.00     2378.00        0.50
     3     2     1920.00     2366.00        0.50
     3     2     1924.00     2354.00        0.50
     3     2     1932.00     2346.00        0.50
     3     2     1936.00     2334.00        0.50
     3     2     1944.00     2326.00        0.50
     3     2     1948.00     2314.00        0.50
     3     2     1952.00     2302.00        0.50
     3     2     1960.00     2294.00        0.50
     3     2     1964.00     2282.00        0.50
     3     2     1968.00     2270.00        0.50
     3     2     1976.00     2262.00        0.50
     3     2     1980.00     2250.00        0.50
     3     2     1984.00     2238.00        0.50
     3     2     1988.00     2226.00        0.50
     3     2     1992.00     2214.00        0.50
     3     2     2000.00     2206.00        0.50
     3     2     2000.00     2194.00        0.50
     3     2     2004.00     2182.00        0.50
     3     2     2008.00     2170.00        0.50
     3     2     2008.00     2158.00        0.50
     3     2     2012.00     2146.00        0.50
     3     2     2016.00     2134.00        0.50
     3     2     2016.00     2122.00        0.50
     3     2     2020.00     2110.00        0.50
     3     2     2020.00     2098.00        0.50
     3     2     2020.00     2086.00        0.50
     3     2     2020.00     2074.00        0.50
     3     2     2024.00     2062.00        0.50
     3     2     2024.00     2050.00        0.50
     3     2     2024.00     2038.00        0.50
     3     2     2028.00     2026.00        0.50
     3     2     2028.00     2014.00        0.50
     3     2     2032.00     2002.00        0.50
     3     2     2036.00     1990.00        0.50
     3     2     2040.00     1978.00        0.50
