     0     0     2448.00     1927.00        0.50
     0     0     2454.00     1923.00        0.50
     0     0     2458.00     1919.00        0.50
     0     0     2464.00     1915.00        0.50
     0     0     2468.00     1911.00        0.50
     0     0     2474.00     1907.00        0.50
     0     0     2478.00     1903.00        0.50
     0     0     2484.00     1901.00        0.50
     0     0     2488.00     1897.00        0.50
     0     0     2494.00     1895.00        0.50
     0     0     2498.00     1891.00        0.50
     0     0     2504.00     1887.00        0.50
     0     0     2510.00     1883.00        0.50
     0     0     2514.00     1879.00        0.50
     0     0     2520.00     1877.00        0.50
     0     0     2524.00     1871.00        0.50
     0     0     2528.00     1867.00        0.50
     0     0     2532.00     1863.00        0.50
     0     0     2536.00     1857.00        0.50
     0     0     2540.00     1853.00        0.50
     0     0     2544.00     1847.00        0.50
     0     0     2548.00     1843.00        0.50
     0     0     2552.00     1839.00        0.50
     0     0     2558.00     1837.00        0.50
     0     0     2562.00     1833.00        0.50
     0     0     2568.00     1831.00        0.50
     0     0     2574.00     1829.00        0.50
     0     0     2580.00     1825.00        0.50
     0     0     2586.00     1823.00        0.50
     0     0     2592.00     1823.00        0.50
     0     0     2598.00     1821.00        0.50
     0     0     2604.00     1819.00        0.50
     0     0     2610.00     1819.00        0.50
     0     0     2616.00     1817.00        0.50
     0     0     2622.00     1817.00        0.50
     0     0     2628.00     1817.00        0.50
     0     0     2634.00     1817.00        0.50
     0     0     2640.00     1817.00        0.50
     0     0     2646.00     1817.00        0.50
     0     0     2652.00     1819.00        0.50
     0     0     2658.00     1821.00        0.50
     0     0     2664.00     1821.00        0.50
     0     0     2670.00     1825.00        0.50
     0     0     2676.00     1827.00        0.50
     0     0     2682.00     1831.00        0.50
     0     0     2688.00     1835.00        0.50
     0     0     2692.00     1839.00        0.50
     0     0     2698.00     1843.00        0.50
     0     0     2704.00     1847.00        0.50
     0     0     2708.00     1851.00        0.50
     0     0     2710.00     1857.00        0.50
     0     0     2714.00     1861.00        0.50
     0     0     2718.00     1865.00        0.50
     0     0     2720.00     1871.00        0.50
     0     0     2724.00     1875.00        0.50
     0     0     2728.00     1881.00        0.50
     0     0     2732.00     1887.00        0.50
     0     0     2734.00     1893.00        0.50
     0     0     2738.00     1897.00        0.50
     0     0     2740.00     1903.00        0.50
     0     0     2744.00     1907.00        0.50
     0     0     2746.00     1913.00        0.50
     0     0     2748.00     1919.00        0.50
     0     0     2752.00     1925.00        0.50
     0     0     2754.00     1931.00        0.50
     0     0     2756.00     1937.00        0.50
     0     0     2756.00     1943.00        0.50
     0     0     2758.00     1949.00        0.50
     0     0     2760.00     1955.00        0.50
     0     0     2762.00     1961.00        0.50
     0     0     2762.00     1967.00        0.50
     0     0     2762.00     1973.00        0.50
     0     0     2764.00     1979.00        0.50
     0     0     2764.00     1985.00        0.50
     0     0     2762.00     1991.00        0.50
     0     0     2762.00     1997.00        0.50
     0     0     2760.00     2003.00        0.50
     0     0     2758.00     2009.00        0.50
     0     0     2754.00     2015.00        0.50
     0     0     2752.00     2021.00        0.50
     0     0     2748.00     2025.00        0.50
     0     0     2744.00     2029.00        0.50
     0     0     2740.00     2035.00        0.50
     0     0     2736.00     2039.00        0.50
     0     0     2732.00     2045.00        0.50
     0     0     2728.00     2049.00        0.50
     0     0     2724.00     2055.00        0.50
     0     0     2720.00     2059.00        0.50
     0     0     2716.00     2065.00        0.50
     0     0     2710.00     2069.00        0.50
     0     0     2704.00     2073.00        0.50
     0     0     2698.00     2077.00        0.50
     0     0     2692.00     2081.00        0.50
     0     0     2686.00     2083.00        0.50
     0     0     2680.00     2087.00        0.50
     0     0     2674.00     2089.00        0.50
     0     0     2668.00     2091.00        0.50
     0     0     2662.00     2093.00        0.50
     0     0     2656.00     2093.00        0.50
     0     0     2650.00     2093.00        0.50
     0     0     2644.00     2095.00        0.50
     0     0     2638.00     2095.00        0.50
     0     0     2630.00     2095.00        0.50
     0     0     2624.00     2095.00        0.50
     0     0     2618.00     2095.00        0.50
     0     0     2612.00     2095.00        0.50
     0     0     2606.00     2095.00        0.50
     0     0     2600.00     2095.00        0.50
     0     0     2592.00     2095.00        0.50
     0     0     2586.00     2093.00        0.50
     0     0     2580.00     2093.00        0.50
     0     0     2572.00     2093.00        0.50
     0     0     2564.00     2091.00        0.50
     0     0     2556.00     2089.00        0.50
     0     0     2550.00     2089.00        0.50
     0     0     2544.00     2089.00        0.50
     0     0     2538.00     2087.00        0.50
     0     0     2532.00     2087.00        0.50
     0     0     2526.00     2085.00        0.50
     0     0     2520.00     2085.00        0.50
     0     0     2514.00     2083.00        0.50
     0     0     2508.00     2081.00        0.50
     0     0     2502.00     2081.00        0.50
     0     1     2572.00     2253.00        0.50
     0     1     2578.00     2251.00        0.50
     0     1     2584.00     2249.00        0.50
     0     1     2590.00     2247.00        0.50
     0     1     2596.00     2245.00        0.50
     0     1     2600.00     2241.00        0.50
     0     1     2606.00     2241.00        0.50
     0     1     2612.00     2239.00        0.50
     0     1     2618.00     2237.00        0.50
     0     1     2624.00     2235.00        0.50
     0     1     2630.00     2233.00        0.50
     0     1     2636.00     2231.00        0.50
     0     1     2642.00     2229.00        0.50
     0     1     2650.00     2227.00        0.50
     0     1     2656.00     2227.00        0.50
     0     1     2662.00     2225.00        0.50
     0     1     2668.00     2223.00        0.50
     0     1     2674.00     2223.00        0.50
     0     1     2680.00     2223.00        0.50
     0     1     2686.00     2221.00        0.50
     0     1     2692.00     2221.00        0.50
     0     1     2698.00     2221.00        0.50
     0     1     2704.00     2221.00        0.50
     0     1     2710.00     2221.00        0.50
     0     1     2716.00     2221.00        0.50
     0     1     2722.00     2221.00        0.50
     0     1     2728.00     2221.00        0.50
     0     1     2734.00     2223.00        0.50
     0     1     2740.00     2223.00        0.50
     0     1     2744.00     2227.00        0.50
     0     1     2750.00     2229.00        0.50
     0     1     2754.00     2233.00        0.50
     0     1     2758.00     2237.00        0.50
     0     1     2762.00     2241.00        0.50
     0     1     2764.00     2247.00        0.50
     0     1     2768.00     2253.00        0.50
     0     1     2770.00     2259.00        0.50
     0     1     2772.00     2265.00        0.50
     0     1     2772.00     2271.00        0.50
     0     1     2772.00     2277.00        0.50
     0     1     2774.00     2283.00        0.50
     0     1     2774.00     2289.00        0.50
     0     1     2774.00     2295.00        0.50
     0     1     2774.00     2301.00        0.50
     0     1     2772.00     2307.00        0.50
     0     1     2772.00     2313.00        0.50
     0     1     2772.00     2319.00        0.50
     0     1     2772.00     2325.00        0.50
     0     1     2770.00     2331.00        0.50
     0     1     2770.00     2339.00        0.50
     0     1     2770.00     2345.00        0.50
     0     1     2770.00     2351.00        0.50
     0     1     2770.00     2357.00        0.50
     0     1     2770.00     2363.00        0.50
     0     1     2768.00     2369.00        0.50
     0     1     2768.00     2375.00        0.50
     0     1     2768.00     2381.00        0.50
     0     1     2766.00     2387.00        0.50
     0     1     2764.00     2393.00        0.50
     0     1     2764.00     2399.00        0.50
     0     1     2762.00     2405.00        0.50
     0     1     2760.00     2411.00        0.50
     0     1     2758.00     2417.00        0.50
     0     1     2754.00     2421.00        0.50
     0     1     2752.00     2427.00        0.50
     0     1     2748.00     2431.00        0.50
     0     1     2744.00     2435.00        0.50
     0     1     2740.00     2439.00        0.50
     0     1     2734.00     2441.00        0.50
     0     1     2730.00     2445.00        0.50
     0     1     2724.00     2447.00        0.50
     0     1     2720.00     2451.00        0.50
     0     1     2714.00     2453.00        0.50
     0     1     2708.00     2457.00        0.50
     0     1     2700.00     2459.00        0.50
     0     1     2696.00     2463.00        0.50
     0     1     2690.00     2465.00        0.50
     0     1     2684.00     2465.00        0.50
     0     1     2678.00     2467.00        0.50
     0     1     2672.00     2467.00        0.50
     0     1     2664.00     2469.00        0.50
     0     1     2658.00     2471.00        0.50
     0     1     2652.00     2471.00        0.50
     0     1     2646.00     2471.00        0.50
     0     1     2640.00     2471.00        0.50
     0     1     2634.00     2473.00        0.50
     0     1     2628.00     2473.00        0.50
     0     1     2622.00     2473.00        0.50
     0     1     2616.00     2473.00        0.50
     0     1     2608.00     2473.00        0.50
     0     1     2602.00     2471.00        0.50
     0     1     2596.00     2471.00        0.50
     0     1     2590.00     2471.00        0.50
     0     1     2584.00     2471.00        0.50
     0     1     2578.00     2469.00        0.50
     0     1     2572.00     2467.00        0.50
     0     1     2566.00     2465.00        0.50
     0     1     2560.00     2465.00        0.50
     0     1     2556.00     2461.00        0.50
     0     2     2518.00     2571.00        0.50
     0     2     2524.00     2571.00        0.50
     0     2     2530.00     2569.00        0.50
     0     2     2536.00     2569.00        0.50
     0     2     2542.00     2567.00        0.50
     0     2     2548.00     2567.00        0.50
     0     2     2554.00     2567.00        0.50
     0     2     2560.00     2567.00        0.50
     0     2     2566.00     2567.00        0.50
     0     2     2572.00     2567.00        0.50
     0     2     2578.00     2567.00        0.50
     0     2     2584.00     2567.00        0.50
     0     2     2590.00     2569.00        0.50
     0     2     2596.00     2571.00        0.50
     0     2     2602.00     2573.00        0.50
     0     2     2606.00     2577.00        0.50
     0     2     2612.00     2579.00        0.50
     0     2     2616.00     2583.00        0.50
     0     2     2620.00     2587.00        0.50
     0     2     2624.00     2591.00        0.50
     0     2     2626.00     2597.00        0.50
     0     2     2630.00     2601.00        0.50
     0     2     2632.00     2607.00        0.50
     0     2     2634.00     2613.00        0.50
     0     2     2636.00     2619.00        0.50
     0     2     2638.00     2625.00        0.50
     0     2     2640.00     2631.00        0.50
     0     2     2640.00     2637.00        0.50
     0     2     2642.00     2643.00        0.50
     0     2     2642.00     2649.00        0.50
     0     2     2642.00     2655.00        0.50
     0     2     2642.00     2661.00        0.50
     0     2     2642.00     2667.00        0.50
     0     2     2642.00     2673.00        0.50
     0     2     2642.00     2679.00        0.50
     0     2     2642.00     2685.00        0.50
     0     2     2642.00     2691.00        0.50
     0     2     2640.00     2697.00        0.50
     0     2     2640.00     2703.00        0.50
     0     2     2638.00     2709.00        0.50
     0     2     2636.00     2715.00        0.50
     0     2     2634.00     2721.00        0.50
     0     2     2630.00     2727.00        0.50
     0     2     2628.00     2733.00        0.50
     0     2     2624.00     2739.00        0.50
     0     2     2622.00     2745.00        0.50
     0     2     2618.00     2749.00        0.50
     0     2     2616.00     2755.00        0.50
     0     2     2612.00     2759.00        0.50
     0     2     2610.00     2765.00        0.50
     0     2     2606.00     2769.00        0.50
     0     2     2602.00     2773.00        0.50
     0     2     2598.00     2779.00        0.50
     0     2     2594.00     2783.00        0.50
     0     2     2590.00     2787.00        0.50
     0     2     2586.00     2791.00        0.50
     0     2     2580.00     2795.00        0.50
     0     2     2574.00     2799.00        0.50
     0     2     2568.00     2803.00        0.50
     0     2     2562.00     2807.00        0.50
     0     2     2556.00     2809.00        0.50
     0     2     2552.00     2813.00        0.50
     0     2     2546.00     2815.00        0.50
     0     2     2542.00     2819.00        0.50
     0     2     2536.00     2819.00        0.50
     0     2     2530.00     2821.00        0.50
     0     2     2524.00     2825.00        0.50
     0     2     2518.00     2825.00        0.50
     0     2     2512.00     2827.00        0.50
     0     2     2506.00     2829.00        0.50
     0     2     2500.00     2829.00        0.50
     0     2     2494.00     2829.00        0.50
     0     2     2488.00     2827.00        0.50
     0     2     2482.00     2827.00        0.50
     0     2     2476.00     2825.00        0.50
     0     2     2472.00     2821.00        0.50
     0     2     2466.00     2819.00        0.50
     0     2     2460.00     2817.00        0.50
     0     2     2456.00     2813.00        0.50
     0     2     2450.00     2809.00        0.50
     0     2     2446.00     2805.00        0.50
     0     2     2440.00     2803.00        0.50
     0     2     2436.00     2797.00        0.50
     0     2     2432.00     2793.00        0.50
     0     2     2428.00     2789.00        0.50
     0     2     2426.00     2783.00        0.50
     0     2     2422.00     2777.00        0.50
     0     2     2420.00     2771.00        0.50
     0     2     2418.00     2765.00        0.50
     0     2     2414.00     2759.00        0.50
     0     2     2412.00     2753.00        0.50
     0     2     2410.00     2747.00        0.50
     0     2     2408.00     2741.00        0.50
     0     2     2408.00     2735.00        0.50
     0     2     2408.00     2729.00        0.50
     0     2     2408.00     2723.00        0.50
     0     2     2408.00     2717.00        0.50
     0     2     2408.00     2711.00        0.50
     0     2     2408.00     2705.00        0.50
     0     2     2408.00     2699.00        0.50
     0     2     2406.00     2693.00        0.50
     0     2     2408.00     2687.00        0.50
     0     2     2408.00     2681.00        0.50
     0     2     2410.00     2675.00        0.50
     0     2     2412.00     2669.00        0.50
     0     2     2414.00     2663.00        0.50
     1     0     2484.00     1949.00        0.50
     1     0     2490.00     1947.00        0.50
     1     0     2494.00     1943.00        0.50
     1     0     2500.00     1941.00        0.50
     1     0     2504.00     1937.00        0.50
     1     0     2508.00     1933.00        0.50
     1     0     2514.00     1931.00        0.50
     1     0     2518.00     1927.00        0.50
     1     0     2524.00     1925.00        0.50
     1     0     2528.00     1921.00        0.50
     1     0     2532.00     1917.00        0.50
     1     0     2538.00     1913.00        0.50
     1     0     2542.00     1909.00        0.50
     1     0     2548.00     1907.00        0.50
     1     0     2552.00     1903.00        0.50
     1     0     2556.00     1899.00        0.50
     1     0     2562.00     1897.00        0.50
     1     0     2566.00     1893.00        0.50
     1     0     2572.00     1891.00        0.50
     1     0     2576.00     1887.00        0.50
     1     0     2582.00     1885.00        0.50
     1     0     2588.00     1883.00        0.50
     1     0     2592.00     1879.00        0.50
     1     0     2598.00     1877.00        0.50
     1     0     2604.00     1875.00        0.50
     1     0     2610.00     1875.00        0.50
     1     0     2616.00     1873.00        0.50
     1     0     2622.00     1873.00        0.50
     1     0     2628.00     1873.00        0.50
     1     0     2634.00     1875.00        0.50
     1     0     2640.00     1875.00        0.50
     1     0     2646.00     1875.00        0.50
     1     0     2652.00     1877.00        0.50
     1     0     2658.00     1881.00        0.50
     1     0     2664.00     1883.00        0.50
     1     0     2668.00     1887.00        0.50
     1     0     2674.00     1891.00        0.50
     1     0     2678.00     1895.00        0.50
     1     0     2682.00     1899.00        0.50
     1     0     2684.00     1905.00        0.50
     1     0     2688.00     1909.00        0.50
     1     0     2690.00     1915.00        0.50
     1     0     2694.00     1919.00        0.50
     1     0     2696.00     1925.00        0.50
     1     0     2698.00     1931.00        0.50
     1     0     2702.00     1935.00        0.50
     1     0     2702.00     1941.00        0.50
     1     0     2704.00     1947.00        0.50
     1     0     2706.00     1953.00        0.50
     1     0     2708.00     1959.00        0.50
     1     0     2708.00     1965.00        0.50
     1     0     2710.00     1971.00        0.50
     1     0     2710.00     1977.00        0.50
     1     0     2710.00     1983.00        0.50
     1     0     2710.00     1989.00        0.50
     1     0     2710.00     1995.00        0.50
     1     0     2710.00     2001.00        0.50
     1     0     2710.00     2007.00        0.50
     1     0     2708.00     2013.00        0.50
     1     0     2704.00     2017.00        0.50
     1     0     2702.00     2023.00        0.50
     1     0     2698.00     2027.00        0.50
     1     0     2694.00     2033.00        0.50
     1     0     2688.00     2037.00        0.50
     1     0     2682.00     2041.00        0.50
     1     0     2676.00     2043.00        0.50
     1     0     2670.00     2047.00        0.50
     1     0     2664.00     2049.00        0.50
     1     0     2658.00     2051.00        0.50
     1     0     2652.00     2051.00        0.50
     1     0     2646.00     2053.00        0.50
     1     0     2640.00     2055.00        0.50
     1     0     2632.00     2055.00        0.50
     1     0     2626.00     2057.00        0.50
     1     0     2618.00     2057.00        0.50
     1     0     2612.00     2059.00        0.50
     1     0     2606.00     2059.00        0.50
     1     0     2600.00     2059.00        0.50
     1     0     2594.00     2059.00        0.50
     1     0     2588.00     2059.00        0.50
     1     0     2582.00     2059.00        0.50
     1     0     2576.00     2059.00        0.50
     1     0     2570.00     2059.00        0.50
     1     0     2564.00     2059.00        0.50
     1     0     2558.00     2059.00        0.50
     1     0     2552.00     2057.00        0.50
     1     0     2546.00     2057.00        0.50
     1     0     2540.00     2057.00        0.50
     1     0     2534.00     2055.00        0.50
     1     0     2528.00     2055.00        0.50
     1     0     2522.00     2053.00        0.50
     1     0     2516.00     2051.00        0.50
     1     0     2510.00     2049.00        0.50
     1     1     2600.00     2281.00        0.50
     1     1     2606.00     2281.00        0.50
     1     1     2612.00     2279.00        0.50
     1     1     2618.00     2277.00        0.50
     1     1     2624.00     2275.00        0.50
     1     1     2630.00     2273.00        0.50
     1     1     2636.00     2271.00        0.50
     1     1     2642.00     2271.00        0.50
     1     1     2648.00     2267.00        0.50
     1     1     2654.00     2267.00        0.50
     1     1     2660.00     2265.00        0.50
     1     1     2666.00     2263.00        0.50
     1     1     2672.00     2263.00        0.50
     1     1     2678.00     2261.00        0.50
     1     1     2684.00     2261.00        0.50
     1     1     2690.00     2261.00        0.50
     1     1     2696.00     2261.00        0.50
     1     1     2702.00     2261.00        0.50
     1     1     2708.00     2263.00        0.50
     1     1     2714.00     2265.00        0.50
     1     1     2718.00     2269.00        0.50
     1     1     2724.00     2273.00        0.50
     1     1     2728.00     2277.00        0.50
     1     1     2732.00     2283.00        0.50
     1     1     2734.00     2289.00        0.50
     1     1     2736.00     2295.00        0.50
     1     1     2738.00     2301.00        0.50
     1     1     2738.00     2307.00        0.50
     1     1     2740.00     2313.00        0.50
     1     1     2740.00     2319.00        0.50
     1     1     2740.00     2325.00        0.50
     1     1     2740.00     2331.00        0.50
     1     1     2740.00     2337.00        0.50
     1     1     2740.00     2343.00        0.50
     1     1     2740.00     2349.00        0.50
     1     1     2740.00     2355.00        0.50
     1     1     2738.00     2361.00        0.50
     1     1     2738.00     2367.00        0.50
     1     1     2736.00     2373.00        0.50
     1     1     2734.00     2379.00        0.50
     1     1     2730.00     2383.00        0.50
     1     1     2728.00     2389.00        0.50
     1     1     2724.00     2393.00        0.50
     1     1     2720.00     2399.00        0.50
     1     1     2716.00     2403.00        0.50
     1     1     2712.00     2407.00        0.50
     1     1     2708.00     2411.00        0.50
     1     1     2702.00     2413.00        0.50
     1     1     2696.00     2415.00        0.50
     1     1     2690.00     2417.00        0.50
     1     1     2684.00     2419.00        0.50
     1     1     2678.00     2421.00        0.50
     1     1     2670.00     2421.00        0.50
     1     1     2662.00     2423.00        0.50
     1     1     2652.00     2423.00        0.50
     1     1     2646.00     2425.00        0.50
     1     1     2640.00     2425.00        0.50
     1     1     2634.00     2425.00        0.50
     1     1     2628.00     2425.00        0.50
     1     1     2622.00     2425.00        0.50
     1     1     2616.00     2425.00        0.50
     1     1     2610.00     2425.00        0.50
     1     1     2602.00     2425.00        0.50
     1     1     2596.00     2423.00        0.50
     1     1     2590.00     2423.00        0.50
     1     1     2584.00     2421.00        0.50
     1     1     2578.00     2421.00        0.50
     1     1     2572.00     2419.00        0.50
     1     1     2566.00     2417.00        0.50
     1     1     2560.00     2417.00        0.50
     1     1     2554.00     2417.00        0.50
     1     2     2448.00     2697.00        0.50
     1     2     2452.00     2703.00        0.50
     1     2     2456.00     2707.00        0.50
     1     2     2458.00     2713.00        0.50
     1     2     2462.00     2717.00        0.50
     1     2     2464.00     2723.00        0.50
     1     2     2468.00     2729.00        0.50
     1     2     2472.00     2735.00        0.50
     1     2     2474.00     2741.00        0.50
     1     2     2478.00     2745.00        0.50
     1     2     2482.00     2749.00        0.50
     1     2     2486.00     2753.00        0.50
     1     2     2490.00     2757.00        0.50
     1     2     2494.00     2761.00        0.50
     1     2     2498.00     2765.00        0.50
     1     2     2504.00     2767.00        0.50
     1     2     2510.00     2769.00        0.50
     1     2     2516.00     2771.00        0.50
     1     2     2522.00     2773.00        0.50
     1     2     2528.00     2775.00        0.50
     1     2     2534.00     2775.00        0.50
     1     2     2540.00     2775.00        0.50
     1     2     2546.00     2775.00        0.50
     1     2     2552.00     2773.00        0.50
     1     2     2558.00     2773.00        0.50
     1     2     2562.00     2769.00        0.50
     1     2     2568.00     2767.00        0.50
     1     2     2572.00     2763.00        0.50
     1     2     2574.00     2757.00        0.50
     1     2     2578.00     2753.00        0.50
     1     2     2582.00     2749.00        0.50
     1     2     2586.00     2745.00        0.50
     1     2     2590.00     2739.00        0.50
     1     2     2592.00     2733.00        0.50
     1     2     2596.00     2729.00        0.50
     1     2     2598.00     2723.00        0.50
     1     2     2600.00     2717.00        0.50
     1     2     2602.00     2711.00        0.50
     1     2     2604.00     2705.00        0.50
     1     2     2604.00     2699.00        0.50
     1     2     2604.00     2693.00        0.50
     1     2     2604.00     2687.00        0.50
     1     2     2602.00     2681.00        0.50
     1     2     2602.00     2675.00        0.50
     1     2     2600.00     2669.00        0.50
     1     2     2596.00     2663.00        0.50
     1     2     2594.00     2657.00        0.50
     1     2     2590.00     2653.00        0.50
     1     2     2588.00     2647.00        0.50
     1     2     2582.00     2643.00        0.50
     1     2     2578.00     2639.00        0.50
     1     2     2572.00     2637.00        0.50
     1     2     2566.00     2633.00        0.50
     1     2     2560.00     2631.00        0.50
     1     2     2554.00     2629.00        0.50
     1     2     2548.00     2629.00        0.50
     1     2     2542.00     2627.00        0.50
     1     2     2536.00     2625.00        0.50
     1     2     2530.00     2625.00        0.50
     1     2     2524.00     2625.00        0.50
     1     2     2518.00     2623.00        0.50
     1     2     2510.00     2623.00        0.50
     1     2     2504.00     2623.00        0.50
     1     2     2498.00     2623.00        0.50
     1     2     2492.00     2619.00        0.50
     1     2     2488.00     2615.00        0.50
     2     0     3596.00     1215.00        0.50
     2     0     3592.00     1219.00        0.50
     2     0     3588.00     1223.00        0.50
     2     0     3584.00     1227.00        0.50
     2     0     3580.00     1231.00        0.50
     2     0     3576.00     1235.00        0.50
     2     0     3572.00     1241.00        0.50
     2     0     3568.00     1245.00        0.50
     2     0     3564.00     1249.00        0.50
     2     0     3562.00     1255.00        0.50
     2     0     3558.00     1259.00        0.50
     2     0     3554.00     1263.00        0.50
     2     0     3550.00     1269.00        0.50
     2     0     3546.00     1273.00        0.50
     2     0     3542.00     1277.00        0.50
     2     0     3538.00     1281.00        0.50
     2     0     3534.00     1287.00        0.50
     2     0     3530.00     1291.00        0.50
     2     0     3524.00     1295.00        0.50
     2     0     3520.00     1299.00        0.50
     2     0     3516.00     1303.00        0.50
     2     0     3512.00     1307.00        0.50
     2     0     3508.00     1311.00        0.50
     2     0     3504.00     1315.00        0.50
     2     0     3498.00     1319.00        0.50
     2     0     3494.00     1323.00        0.50
     2     0     3488.00     1327.00        0.50
     2     0     3482.00     1333.00        0.50
     2     0     3478.00     1337.00        0.50
     2     0     3474.00     1341.00        0.50
     2     0     3468.00     1345.00        0.50
     2     0     3464.00     1349.00        0.50
     2     0     3460.00     1353.00        0.50
     2     0     3454.00     1357.00        0.50
     2     0     3448.00     1359.00        0.50
     2     0     3444.00     1363.00        0.50
     2     0     3438.00     1365.00        0.50
     2     0     3434.00     1369.00        0.50
     2     0     3428.00     1371.00        0.50
     2     0     3424.00     1375.00        0.50
     2     0     3418.00     1377.00        0.50
     2     0     3414.00     1381.00        0.50
     2     0     3408.00     1385.00        0.50
     2     0     3402.00     1389.00        0.50
     2     0     3396.00     1393.00        0.50
     2     0     3390.00     1397.00        0.50
     2     0     3384.00     1399.00        0.50
     2     0     3380.00     1403.00        0.50
     2     0     3374.00     1405.00        0.50
     2     0     3370.00     1409.00        0.50
     2     0     3364.00     1411.00        0.50
     2     0     3358.00     1415.00        0.50
     2     0     3352.00     1417.00        0.50
     2     0     3346.00     1419.00        0.50
     2     0     3340.00     1421.00        0.50
     2     0     3334.00     1425.00        0.50
     2     0     3328.00     1427.00        0.50
     2     0     3322.00     1429.00        0.50
     2     0     3316.00     1431.00        0.50
     2     0     3310.00     1435.00        0.50
     2     0     3304.00     1437.00        0.50
     2     0     3298.00     1439.00        0.50
     2     0     3292.00     1441.00        0.50
     2     0     3288.00     1445.00        0.50
     2     0     3282.00     1447.00        0.50
     2     0     3276.00     1449.00        0.50
     2     0     3268.00     1453.00        0.50
     2     0     3262.00     1455.00        0.50
     2     0     3254.00     1459.00        0.50
     2     0     3244.00     1463.00        0.50
     2     0     3238.00     1467.00        0.50
     2     0     3230.00     1471.00        0.50
     2     0     3222.00     1473.00        0.50
     2     0     3214.00     1477.00        0.50
     2     0     3206.00     1481.00        0.50
     2     0     3196.00     1485.00        0.50
     2     0     3190.00     1487.00        0.50
     2     0     3184.00     1491.00        0.50
     2     0     3178.00     1493.00        0.50
     2     0     3172.00     1495.00        0.50
     2     0     3168.00     1499.00        0.50
     2     0     3162.00     1501.00        0.50
     2     0     3156.00     1503.00        0.50
     2     0     3150.00     1505.00        0.50
     2     0     3144.00     1509.00        0.50
     2     0     3138.00     1511.00        0.50
     2     0     3132.00     1515.00        0.50
     2     0     3126.00     1517.00        0.50
     2     0     3120.00     1521.00        0.50
     2     0     3114.00     1523.00        0.50
     2     0     3108.00     1527.00        0.50
     2     0     3102.00     1529.00        0.50
     2     0     3096.00     1531.00        0.50
     2     0     3092.00     1535.00        0.50
     2     0     3086.00     1537.00        0.50
     2     0     3080.00     1539.00        0.50
     2     0     3074.00     1541.00        0.50
     2     0     3068.00     1543.00        0.50
     2     0     3062.00     1547.00        0.50
     2     0     3056.00     1549.00        0.50
     2     0     3050.00     1549.00        0.50
     2     0     3044.00     1551.00        0.50
     2     0     3038.00     1553.00        0.50
     2     0     3032.00     1555.00        0.50
     2     0     3026.00     1557.00        0.50
     2     0     3020.00     1557.00        0.50
     2     0     3014.00     1559.00        0.50
     2     0     3008.00     1559.00        0.50
     2     0     3002.00     1561.00        0.50
     2     0     2996.00     1561.00        0.50
     2     0     2990.00     1561.00        0.50
     2     0     2984.00     1563.00        0.50
     2     0     2978.00     1563.00        0.50
     2     0     2972.00     1563.00        0.50
     2     0     2966.00     1563.00        0.50
     2     0     2960.00     1565.00        0.50
     2     0     2952.00     1567.00        0.50
     2     0     2946.00     1569.00        0.50
     2     0     2940.00     1571.00        0.50
     2     0     2934.00     1573.00        0.50
     2     0     2928.00     1575.00        0.50
     2     0     2922.00     1577.00        0.50
     2     0     2916.00     1581.00        0.50
     2     0     2910.00     1583.00        0.50
     2     0     2904.00     1587.00        0.50
     2     0     2898.00     1589.00        0.50
     2     0     2892.00     1591.00        0.50
     2     0     2886.00     1593.00        0.50
     2     0     2882.00     1597.00        0.50
     2     0     2874.00     1599.00        0.50
     2     0     2868.00     1601.00        0.50
     2     0     2862.00     1603.00        0.50
     2     0     2856.00     1605.00        0.50
     2     0     2850.00     1605.00        0.50
     2     0     2844.00     1607.00        0.50
     2     0     2838.00     1607.00        0.50
     2     0     2832.00     1609.00        0.50
     2     0     2826.00     1611.00        0.50
     2     0     2820.00     1613.00        0.50
     2     0     2814.00     1615.00        0.50
     2     0     2808.00     1617.00        0.50
     2     0     2798.00     1621.00        0.50
     2     0     2792.00     1623.00        0.50
     2     0     2782.00     1627.00        0.50
     2     0     2774.00     1631.00        0.50
     2     0     2768.00     1633.00        0.50
     2     0     2760.00     1637.00        0.50
     2     0     2754.00     1639.00        0.50
     2     0     2748.00     1641.00        0.50
     2     0     2742.00     1643.00        0.50
     2     0     2736.00     1645.00        0.50
     2     0     2730.00     1645.00        0.50
     2     0     2724.00     1647.00        0.50
     2     0     2716.00     1649.00        0.50
     2     0     2708.00     1651.00        0.50
     2     0     2700.00     1655.00        0.50
     2     0     2694.00     1655.00        0.50
     2     0     2688.00     1657.00        0.50
     2     0     2682.00     1657.00        0.50
     2     0     2676.00     1659.00        0.50
     2     0     2670.00     1659.00        0.50
     2     0     2664.00     1661.00        0.50
     2     0     2658.00     1663.00        0.50
     2     0     2652.00     1663.00        0.50
     2     0     2646.00     1665.00        0.50
     2     0     2640.00     1667.00        0.50
     2     0     2634.00     1667.00        0.50
     2     0     2628.00     1669.00        0.50
     2     0     2622.00     1671.00        0.50
     2     0     2616.00     1673.00        0.50
     2     0     2610.00     1673.00        0.50
     2     0     2604.00     1675.00        0.50
     2     0     2600.00     1679.00        0.50
     2     0     2594.00     1681.00        0.50
     2     0     2588.00     1685.00        0.50
     2     0     2582.00     1687.00        0.50
     2     0     2574.00     1689.00        0.50
     2     0     2568.00     1691.00        0.50
     2     0     2562.00     1695.00        0.50
     2     0     2556.00     1697.00        0.50
     2     0     2550.00     1699.00        0.50
     2     0     2544.00     1701.00        0.50
     2     0     2538.00     1705.00        0.50
     2     0     2532.00     1707.00        0.50
     2     0     2526.00     1709.00        0.50
     2     0     2520.00     1713.00        0.50
     2     0     2514.00     1715.00        0.50
     2     0     2510.00     1719.00        0.50
     2     0     2500.00     1725.00        0.50
     2     0     2494.00     1729.00        0.50
     2     0     2488.00     1731.00        0.50
     2     0     2484.00     1735.00        0.50
     2     0     2480.00     1739.00        0.50
     2     0     2476.00     1743.00        0.50
     2     0     2472.00     1747.00        0.50
     2     0     2466.00     1749.00        0.50
     2     0     2462.00     1755.00        0.50
     2     0     2456.00     1757.00        0.50
     2     0     2452.00     1761.00        0.50
     2     0     2448.00     1765.00        0.50
     2     0     2442.00     1769.00        0.50
     2     0     2436.00     1773.00        0.50
     2     0     2430.00     1779.00        0.50
     2     0     2422.00     1785.00        0.50
     2     0     2416.00     1789.00        0.50
     2     0     2412.00     1793.00        0.50
     2     0     2408.00     1797.00        0.50
     2     0     2404.00     1801.00        0.50
     2     0     2400.00     1805.00        0.50
     2     0     2396.00     1809.00        0.50
     2     0     2392.00     1813.00        0.50
     2     0     2390.00     1819.00        0.50
     2     0     2388.00     1825.00        0.50
     2     0     2388.00     1831.00        0.50
     2     0     2388.00     1837.00        0.50
     2     0     2390.00     1843.00        0.50
     2     0     2390.00     1849.00        0.50
     2     0     2394.00     1855.00        0.50
     2     0     2394.00     1861.00        0.50
     2     0     2394.00     1867.00        0.50
     2     0     2396.00     1873.00        0.50
     2     0     2398.00     1879.00        0.50
     2     0     2402.00     1885.00        0.50
     2     0     2404.00     1891.00        0.50
     3     0     3558.00     1199.00        0.50
     3     0     3552.00     1209.00        0.50
     3     0     3548.00     1213.00        0.50
     3     0     3544.00     1219.00        0.50
     3     0     3540.00     1223.00        0.50
     3     0     3536.00     1229.00        0.50
     3     0     3532.00     1233.00        0.50
     3     0     3528.00     1239.00        0.50
     3     0     3524.00     1243.00        0.50
     3     0     3520.00     1247.00        0.50
     3     0     3516.00     1251.00        0.50
     3     0     3512.00     1257.00        0.50
     3     0     3508.00     1261.00        0.50
     3     0     3504.00     1265.00        0.50
     3     0     3500.00     1269.00        0.50
     3     0     3496.00     1273.00        0.50
     3     0     3490.00     1277.00        0.50
     3     0     3484.00     1281.00        0.50
     3     0     3478.00     1285.00        0.50
     3     0     3474.00     1289.00        0.50
     3     0     3468.00     1293.00        0.50
     3     0     3462.00     1297.00        0.50
     3     0     3458.00     1301.00        0.50
     3     0     3454.00     1305.00        0.50
     3     0     3450.00     1309.00        0.50
     3     0     3446.00     1313.00        0.50
     3     0     3442.00     1317.00        0.50
     3     0     3436.00     1319.00        0.50
     3     0     3432.00     1325.00        0.50
     3     0     3428.00     1329.00        0.50
     3     0     3424.00     1333.00        0.50
     3     0     3420.00     1337.00        0.50
     3     0     3416.00     1341.00        0.50
     3     0     3410.00     1345.00        0.50
     3     0     3406.00     1349.00        0.50
     3     0     3402.00     1353.00        0.50
     3     0     3396.00     1357.00        0.50
     3     0     3390.00     1359.00        0.50
     3     0     3384.00     1363.00        0.50
     3     0     3378.00     1365.00        0.50
     3     0     3372.00     1367.00        0.50
     3     0     3364.00     1371.00        0.50
     3     0     3358.00     1373.00        0.50
     3     0     3352.00     1377.00        0.50
     3     0     3346.00     1379.00        0.50
     3     0     3340.00     1383.00        0.50
     3     0     3334.00     1385.00        0.50
     3     0     3328.00     1389.00        0.50
     3     0     3322.00     1391.00        0.50
     3     0     3314.00     1395.00        0.50
     3     0     3308.00     1397.00        0.50
     3     0     3302.00     1401.00        0.50
     3     0     3296.00     1403.00        0.50
     3     0     3288.00     1407.00        0.50
     3     0     3282.00     1409.00        0.50
     3     0     3276.00     1413.00        0.50
     3     0     3270.00     1417.00        0.50
     3     0     3264.00     1419.00        0.50
     3     0     3258.00     1421.00        0.50
     3     0     3252.00     1427.00        0.50
     3     0     3246.00     1429.00        0.50
     3     0     3240.00     1433.00        0.50
     3     0     3234.00     1437.00        0.50
     3     0     3228.00     1439.00        0.50
     3     0     3222.00     1443.00        0.50
     3     0     3216.00     1447.00        0.50
     3     0     3210.00     1451.00        0.50
     3     0     3204.00     1455.00        0.50
     3     0     3194.00     1461.00        0.50
     3     0     3188.00     1467.00        0.50
     3     0     3180.00     1471.00        0.50
     3     0     3174.00     1475.00        0.50
     3     0     3168.00     1479.00        0.50
     3     0     3162.00     1481.00        0.50
     3     0     3158.00     1485.00        0.50
     3     0     3152.00     1487.00        0.50
     3     0     3146.00     1491.00        0.50
     3     0     3140.00     1491.00        0.50
     3     0     3134.00     1495.00        0.50
     3     0     3128.00     1497.00        0.50
     3     0     3122.00     1499.00        0.50
     3     0     3116.00     1501.00        0.50
     3     0     3110.00     1505.00        0.50
     3     0     3104.00     1507.00        0.50
     3     0     3098.00     1509.00        0.50
     3     0     3092.00     1511.00        0.50
     3     0     3086.00     1513.00        0.50
     3     0     3080.00     1515.00        0.50
     3     0     3074.00     1517.00        0.50
     3     0     3070.00     1521.00        0.50
     3     0     3064.00     1523.00        0.50
     3     0     3058.00     1525.00        0.50
     3     0     3052.00     1527.00        0.50
     3     0     3046.00     1531.00        0.50
     3     0     3040.00     1533.00        0.50
     3     0     3036.00     1537.00        0.50
     3     0     3030.00     1539.00        0.50
     3     0     3024.00     1543.00        0.50
     3     0     3018.00     1543.00        0.50
     3     0     3012.00     1545.00        0.50
     3     0     3006.00     1547.00        0.50
     3     0     3000.00     1549.00        0.50
     3     0     2994.00     1549.00        0.50
     3     0     2988.00     1549.00        0.50
     3     0     2982.00     1549.00        0.50
     3     0     2976.00     1549.00        0.50
     3     0     2970.00     1549.00        0.50
     3     0     2964.00     1549.00        0.50
     3     0     2958.00     1549.00        0.50
     3     0     2952.00     1549.00        0.50
     3     0     2946.00     1549.00        0.50
     3     0     2940.00     1551.00        0.50
     3     0     2934.00     1553.00        0.50
     3     0     2928.00     1553.00        0.50
     3     0     2924.00     1557.00        0.50
     3     0     2918.00     1559.00        0.50
     3     0     2912.00     1561.00        0.50
     3     0     2906.00     1563.00        0.50
     3     0     2898.00     1565.00        0.50
     3     0     2892.00     1567.00        0.50
     3     0     2886.00     1567.00        0.50
     3     0     2880.00     1565.00        0.50
     3     0     2874.00     1563.00        0.50
     3     0     2868.00     1561.00        0.50
     3     0     2862.00     1561.00        0.50
     3     0     2856.00     1561.00        0.50
     3     0     2850.00     1561.00        0.50
     3     0     2844.00     1561.00        0.50
     3     0     2838.00     1563.00        0.50
     3     0     2832.00     1565.00        0.50
     3     0     2826.00     1569.00        0.50
     3     0     2820.00     1571.00        0.50
     3     0     2814.00     1573.00        0.50
     3     0     2810.00     1577.00        0.50
     3     0     2804.00     1579.00        0.50
     3     0     2798.00     1581.00        0.50
     3     0     2794.00     1585.00        0.50
     3     0     2788.00     1587.00        0.50
     3     0     2782.00     1589.00        0.50
     3     0     2776.00     1591.00        0.50
     3     0     2770.00     1595.00        0.50
     3     0     2764.00     1597.00        0.50
     3     0     2758.00     1599.00        0.50
     3     0     2750.00     1601.00        0.50
     3     0     2742.00     1603.00        0.50
     3     0     2734.00     1605.00        0.50
     3     0     2724.00     1607.00        0.50
     3     0     2718.00     1607.00        0.50
     3     0     2708.00     1607.00        0.50
     3     0     2700.00     1609.00        0.50
     3     0     2694.00     1609.00        0.50
     3     0     2688.00     1611.00        0.50
     3     0     2682.00     1613.00        0.50
     3     0     2676.00     1615.00        0.50
     3     0     2670.00     1617.00        0.50
     3     0     2662.00     1619.00        0.50
     3     0     2656.00     1621.00        0.50
     3     0     2650.00     1623.00        0.50
     3     0     2646.00     1627.00        0.50
     3     0     2640.00     1629.00        0.50
     3     0     2634.00     1633.00        0.50
     3     0     2628.00     1635.00        0.50
     3     0     2622.00     1637.00        0.50
     3     0     2618.00     1641.00        0.50
     3     0     2612.00     1643.00        0.50
     3     0     2606.00     1647.00        0.50
     3     0     2600.00     1649.00        0.50
     3     0     2596.00     1653.00        0.50
     3     0     2590.00     1655.00        0.50
     3     0     2584.00     1657.00        0.50
     3     0     2578.00     1659.00        0.50
     3     0     2574.00     1663.00        0.50
     3     0     2568.00     1665.00        0.50
     3     0     2562.00     1667.00        0.50
     3     0     2556.00     1669.00        0.50
     3     0     2550.00     1669.00        0.50
     3     0     2544.00     1671.00        0.50
     3     0     2538.00     1673.00        0.50
     3     0     2530.00     1677.00        0.50
     3     0     2524.00     1681.00        0.50
     3     0     2512.00     1687.00        0.50
     3     0     2506.00     1689.00        0.50
     3     0     2500.00     1691.00        0.50
     3     0     2494.00     1693.00        0.50
     3     0     2490.00     1697.00        0.50
     3     0     2484.00     1699.00        0.50
     3     0     2480.00     1703.00        0.50
     3     0     2474.00     1705.00        0.50
     3     0     2470.00     1709.00        0.50
     3     0     2464.00     1711.00        0.50
     3     0     2460.00     1715.00        0.50
     3     0     2454.00     1719.00        0.50
     3     0     2448.00     1721.00        0.50
     3     0     2444.00     1725.00        0.50
     3     0     2438.00     1729.00        0.50
     3     0     2432.00     1731.00        0.50
     3     0     2428.00     1735.00        0.50
     3     0     2424.00     1739.00        0.50
     3     0     2418.00     1741.00        0.50
     3     0     2414.00     1745.00        0.50
     3     0     2408.00     1747.00        0.50
     3     0     2404.00     1751.00        0.50
     3     0     2400.00     1755.00        0.50
     3     0     2396.00     1759.00        0.50
     3     0     2392.00     1763.00        0.50
     3     0     2388.00     1767.00        0.50
     3     0     2384.00     1771.00        0.50
     3     0     2380.00     1777.00        0.50
     3     0     2378.00     1783.00        0.50
     3     0     2374.00     1787.00        0.50
     3     0     2372.00     1793.00        0.50
     3     0     2370.00     1799.00        0.50
     3     0     2370.00     1805.00        0.50
     3     0     2370.00     1811.00        0.50
     3     0     2370.00     1817.00        0.50
     3     0     2370.00     1823.00        0.50
     3     0     2370.00     1829.00        0.50
     3     0     2370.00     1835.00        0.50
     3     0     2368.00     1841.00        0.50
     3     0     2368.00     1847.00        0.50
     3     0     2368.00     1853.00        0.50
     3     0     2366.00     1859.00        0.50
     3     0     2366.00     1865.00        0.50
     3     0     2364.00     1871.00        0.50
     3     0     2364.00     1877.00        0.50
     3     0     2364.00     1883.00        0.50
     3     0     2366.00     1889.00        0.50
     3     0     2370.00     1895.00        0.50
     3     0     2372.00     1901.00        0.50
     3     0     2376.00     1905.00        0.50
     3     0     2380.00     1909.00        0.50
     3     0     2384.00     1913.00        0.50
